nts on sub-ADS2308
The output directory "./struc" does not exist. Making it.
---------------------  Running antsBrainExtraction.sh on n008  ---------------------

--------------------------------------------------------------------------------------
 Bias correction of anatomical images (pre brain extraction)
   1) pre-process by truncating the image intensities
   2) run N4
--------------------------------------------------------------------------------------

BEGIN >>>>>>>>>>>>>>>>>>>>
/packages/ants/2.1.0/bin/ImageMath 3 ./struc/sub-ADS2308_N4Truncated0._ExtractedBrain0N4.nii.gz TruncateImageIntensity sub-ADS2308_desc-preproc_T1w.nii.gz 0.01 0.999 256
END   <<<<<<<<<<<<<<<<<<<<


BEGIN >>>>>>>>>>>>>>>>>>>>
/packages/ants/2.1.0/bin/N4BiasFieldCorrection -d 3 -i ./struc/sub-ADS2308_N4Truncated0._ExtractedBrain0N4.nii.gz -s 4 -c [50x50x50x50,0.0000001] -b [200] -o ./struc/sub-ADS2308_N4Corrected0._ExtractedBrain0N4.nii.gz --verbose 1

Running N4 for 3-dimensional images.

Mask not read.  Using the entire image as the mask.

Specified spline distance: 200mm
  original image size:  [176, 464, 512]
  padded image size:  [223, 891, 891]
  number of control points:  [4, 5, 5]

Current level = 1
  Iteration 1 (of 50).   Current convergence value = 0.000209745 (threshold = 1e-07)
  Iteration 2 (of 50).   Current convergence value = 0.000202527 (threshold = 1e-07)
  Iteration 3 (of 50).   Current convergence value = 0.00019347 (threshold = 1e-07)
  Iteration 4 (of 50).   Current convergence value = 0.000184082 (threshold = 1e-07)
  Iteration 5 (of 50).   Current convergence value = 0.000174571 (threshold = 1e-07)
  Iteration 6 (of 50).   Current convergence value = 0.000165755 (threshold = 1e-07)
  Iteration 7 (of 50).   Current convergence value = 0.000157601 (threshold = 1e-07)
  Iteration 8 (of 50).   Current convergence value = 0.00014981 (threshold = 1e-07)
  Iteration 9 (of 50).   Current convergence value = 0.000142418 (threshold = 1e-07)
  Iteration 10 (of 50).   Current convergence value = 0.000135523 (threshold = 1e-07)
  Iteration 11 (of 50).   Current convergence value = 0.00012883 (threshold = 1e-07)
  Iteration 12 (of 50).   Current convergence value = 0.000122334 (threshold = 1e-07)
  Iteration 13 (of 50).   Current convergence value = 0.000116413 (threshold = 1e-07)
  Iteration 14 (of 50).   Current convergence value = 0.000110857 (threshold = 1e-07)
  Iteration 15 (of 50).   Current convergence value = 0.000105379 (threshold = 1e-07)
  Iteration 16 (of 50).   Current convergence value = 0.000100397 (threshold = 1e-07)
  Iteration 17 (of 50).   Current convergence value = 9.53886e-05 (threshold = 1e-07)
  Iteration 18 (of 50).   Current convergence value = 9.06546e-05 (threshold = 1e-07)
  Iteration 19 (of 50).   Current convergence value = 8.61558e-05 (threshold = 1e-07)
  Iteration 20 (of 50).   Current convergence value = 8.20614e-05 (threshold = 1e-07)
  Iteration 21 (of 50).   Current convergence value = 7.78435e-05 (threshold = 1e-07)
  Iteration 22 (of 50).   Current convergence value = 7.41007e-05 (threshold = 1e-07)
  Iteration 23 (of 50).   Current convergence value = 7.03988e-05 (threshold = 1e-07)
  Iteration 24 (of 50).   Current convergence value = 6.67835e-05 (threshold = 1e-07)
  Iteration 25 (of 50).   Current convergence value = 6.35021e-05 (threshold = 1e-07)
  Iteration 26 (of 50).   Current convergence value = 6.03927e-05 (threshold = 1e-07)
  Iteration 27 (of 50).   Current convergence value = 5.73832e-05 (threshold = 1e-07)
  Iteration 28 (of 50).   Current convergence value = 5.46885e-05 (threshold = 1e-07)
  Iteration 29 (of 50).   Current convergence value = 5.20053e-05 (threshold = 1e-07)
  Iteration 30 (of 50).   Current convergence value = 5.01242e-05 (threshold = 1e-07)
  Iteration 31 (of 50).   Current convergence value = 4.92555e-05 (threshold = 1e-07)
  Iteration 32 (of 50).   Current convergence value = 4.84381e-05 (threshold = 1e-07)
  Iteration 33 (of 50).   Current convergence value = 4.76137e-05 (threshold = 1e-07)
  Iteration 34 (of 50).   Current convergence value = 4.68796e-05 (threshold = 1e-07)
  Iteration 35 (of 50).   Current convergence value = 4.6191e-05 (threshold = 1e-07)
  Iteration 36 (of 50).   Current convergence value = 4.54729e-05 (threshold = 1e-07)
  Iteration 37 (of 50).   Current convergence value = 4.47207e-05 (threshold = 1e-07)
  Iteration 38 (of 50).   Current convergence value = 4.384e-05 (threshold = 1e-07)
  Iteration 39 (of 50).   Current convergence value = 4.3054e-05 (threshold = 1e-07)
  Iteration 40 (of 50).   Current convergence value = 4.22413e-05 (threshold = 1e-07)
  Iteration 41 (of 50).   Current convergence value = 4.14648e-05 (threshold = 1e-07)
  Iteration 42 (of 50).   Current convergence value = 4.07163e-05 (threshold = 1e-07)
  Iteration 43 (of 50).   Current convergence value = 3.99891e-05 (threshold = 1e-07)
  Iteration 44 (of 50).   Current convergence value = 3.92431e-05 (threshold = 1e-07)
  Iteration 45 (of 50).   Current convergence value = 3.85118e-05 (threshold = 1e-07)
  Iteration 46 (of 50).   Current convergence value = 3.79135e-05 (threshold = 1e-07)
  Iteration 47 (of 50).   Current convergence value = 3.72693e-05 (threshold = 1e-07)
  Iteration 48 (of 50).   Current convergence value = 3.6648e-05 (threshold = 1e-07)
  Iteration 49 (of 50).   Current convergence value = 3.60341e-05 (threshold = 1e-07)
  Iteration 50 (of 50).   Current convergence value = 3.54076e-05 (threshold = 1e-07)
Current level = 2
  Iteration 1 (of 50).   Current convergence value = 0.000253777 (threshold = 1e-07)
  Iteration 2 (of 50).   Current convergence value = 0.000281531 (threshold = 1e-07)
  Iteration 3 (of 50).   Current convergence value = 0.000300683 (threshold = 1e-07)
  Iteration 4 (of 50).   Current convergence value = 0.000322147 (threshold = 1e-07)
  Iteration 5 (of 50).   Current convergence value = 0.000338245 (threshold = 1e-07)
  Iteration 6 (of 50).   Current convergence value = 0.000347648 (threshold = 1e-07)
  Iteration 7 (of 50).   Current convergence value = 0.0003526 (threshold = 1e-07)
  Iteration 8 (of 50).   Current convergence value = 0.000354709 (threshold = 1e-07)
  Iteration 9 (of 50).   Current convergence value = 0.000355438 (threshold = 1e-07)
  Iteration 10 (of 50).   Current convergence value = 0.000356137 (threshold = 1e-07)
  Iteration 11 (of 50).   Current convergence value = 0.000356626 (threshold = 1e-07)
  Iteration 12 (of 50).   Current convergence value = 0.000356128 (threshold = 1e-07)
  Iteration 13 (of 50).   Current convergence value = 0.000356127 (threshold = 1e-07)
  Iteration 14 (of 50).   Current convergence value = 0.000355876 (threshold = 1e-07)
  Iteration 15 (of 50).   Current convergence value = 0.00035664 (threshold = 1e-07)
  Iteration 16 (of 50).   Current convergence value = 0.000356966 (threshold = 1e-07)
  Iteration 17 (of 50).   Current convergence value = 0.000356916 (threshold = 1e-07)
  Iteration 18 (of 50).   Current convergence value = 0.00035628 (threshold = 1e-07)
  Iteration 19 (of 50).   Current convergence value = 0.000356107 (threshold = 1e-07)
  Iteration 20 (of 50).   Current convergence value = 0.000356185 (threshold = 1e-07)
  Iteration 21 (of 50).   Current convergence value = 0.000355749 (threshold = 1e-07)
  Iteration 22 (of 50).   Current convergence value = 0.000355524 (threshold = 1e-07)
  Iteration 23 (of 50).   Current convergence value = 0.000354154 (threshold = 1e-07)
  Iteration 24 (of 50).   Current convergence value = 0.000353952 (threshold = 1e-07)
  Iteration 25 (of 50).   Current convergence value = 0.000353586 (threshold = 1e-07)
  Iteration 26 (of 50).   Current convergence value = 0.000353147 (threshold = 1e-07)
  Iteration 27 (of 50).   Current convergence value = 0.000352455 (threshold = 1e-07)
  Iteration 28 (of 50).   Current convergence value = 0.000351879 (threshold = 1e-07)
  Iteration 29 (of 50).   Current convergence value = 0.000351621 (threshold = 1e-07)
  Iteration 30 (of 50).   Current convergence value = 0.000351132 (threshold = 1e-07)
  Iteration 31 (of 50).   Current convergence value = 0.000351172 (threshold = 1e-07)
  Iteration 32 (of 50).   Current convergence value = 0.000351185 (threshold = 1e-07)
  Iteration 33 (of 50).   Current convergence value = 0.000350829 (threshold = 1e-07)
  Iteration 34 (of 50).   Current convergence value = 0.000350239 (threshold = 1e-07)
  Iteration 35 (of 50).   Current convergence value = 0.000349933 (threshold = 1e-07)
  Iteration 36 (of 50).   Current convergence value = 0.000348986 (threshold = 1e-07)
  Iteration 37 (of 50).   Current convergence value = 0.000348435 (threshold = 1e-07)
  Iteration 38 (of 50).   Current convergence value = 0.000348048 (threshold = 1e-07)
  Iteration 39 (of 50).   Current convergence value = 0.000347587 (threshold = 1e-07)
  Iteration 40 (of 50).   Current convergence value = 0.000346839 (threshold = 1e-07)
  Iteration 41 (of 50).   Current convergence value = 0.000346199 (threshold = 1e-07)
  Iteration 42 (of 50).   Current convergence value = 0.000345795 (threshold = 1e-07)
  Iteration 43 (of 50).   Current convergence value = 0.000345375 (threshold = 1e-07)
  Iteration 44 (of 50).   Current convergence value = 0.000344758 (threshold = 1e-07)
  Iteration 45 (of 50).   Current convergence value = 0.000344183 (threshold = 1e-07)
  Iteration 46 (of 50).   Current convergence value = 0.000343475 (threshold = 1e-07)
  Iteration 47 (of 50).   Current convergence value = 0.000342868 (threshold = 1e-07)
  Iteration 48 (of 50).   Current convergence value = 0.000343169 (threshold = 1e-07)
  Iteration 49 (of 50).   Current convergence value = 0.000342699 (threshold = 1e-07)
  Iteration 50 (of 50).   Current convergence value = 0.00034219 (threshold = 1e-07)
Current level = 3
  Iteration 1 (of 50).   Current convergence value = 0.000809013 (threshold = 1e-07)
  Iteration 2 (of 50).   Current convergence value = 0.000858259 (threshold = 1e-07)
  Iteration 3 (of 50).   Current convergence value = 0.000901734 (threshold = 1e-07)
  Iteration 4 (of 50).   Current convergence value = 0.000937127 (threshold = 1e-07)
  Iteration 5 (of 50).   Current convergence value = 0.000969719 (threshold = 1e-07)
  Iteration 6 (of 50).   Current convergence value = 0.000992137 (threshold = 1e-07)
  Iteration 7 (of 50).   Current convergence value = 0.00100925 (threshold = 1e-07)
  Iteration 8 (of 50).   Current convergence value = 0.00102179 (threshold = 1e-07)
  Iteration 9 (of 50).   Current convergence value = 0.00102924 (threshold = 1e-07)
  Iteration 10 (of 50).   Current convergence value = 0.00103579 (threshold = 1e-07)
  Iteration 11 (of 50).   Current convergence value = 0.00103876 (threshold = 1e-07)
  Iteration 12 (of 50).   Current convergence value = 0.00103963 (threshold = 1e-07)
  Iteration 13 (of 50).   Current convergence value = 0.00103978 (threshold = 1e-07)
  Iteration 14 (of 50).   Current convergence value = 0.00103572 (threshold = 1e-07)
  Iteration 15 (of 50).   Current convergence value = 0.00103104 (threshold = 1e-07)
  Iteration 16 (of 50).   Current convergence value = 0.00102602 (threshold = 1e-07)
  Iteration 17 (of 50).   Current convergence value = 0.00102167 (threshold = 1e-07)
  Iteration 18 (of 50).   Current convergence value = 0.00101721 (threshold = 1e-07)
  Iteration 19 (of 50).   Current convergence value = 0.00101225 (threshold = 1e-07)
  Iteration 20 (of 50).   Current convergence value = 0.00100729 (threshold = 1e-07)
  Iteration 21 (of 50).   Current convergence value = 0.00100232 (threshold = 1e-07)
  Iteration 22 (of 50).   Current convergence value = 0.00099765 (threshold = 1e-07)
  Iteration 23 (of 50).   Current convergence value = 0.000992908 (threshold = 1e-07)
  Iteration 24 (of 50).   Current convergence value = 0.00098796 (threshold = 1e-07)
  Iteration 25 (of 50).   Current convergence value = 0.000983322 (threshold = 1e-07)
  Iteration 26 (of 50).   Current convergence value = 0.000978044 (threshold = 1e-07)
  Iteration 27 (of 50).   Current convergence value = 0.000973629 (threshold = 1e-07)
  Iteration 28 (of 50).   Current convergence value = 0.000980215 (threshold = 1e-07)
  Iteration 29 (of 50).   Current convergence value = 0.00100915 (threshold = 1e-07)
  Iteration 30 (of 50).   Current convergence value = 0.00102169 (threshold = 1e-07)
  Iteration 31 (of 50).   Current convergence value = 0.00102503 (threshold = 1e-07)
  Iteration 32 (of 50).   Current convergence value = 0.00102421 (threshold = 1e-07)
  Iteration 33 (of 50).   Current convergence value = 0.00102153 (threshold = 1e-07)
  Iteration 34 (of 50).   Current convergence value = 0.00101859 (threshold = 1e-07)
  Iteration 35 (of 50).   Current convergence value = 0.00101471 (threshold = 1e-07)
  Iteration 36 (of 50).   Current convergence value = 0.00100995 (threshold = 1e-07)
  Iteration 37 (of 50).   Current convergence value = 0.0010053 (threshold = 1e-07)
  Iteration 38 (of 50).   Current convergence value = 0.000988915 (threshold = 1e-07)
  Iteration 39 (of 50).   Current convergence value = 0.000927774 (threshold = 1e-07)
  Iteration 40 (of 50).   Current convergence value = 0.000870895 (threshold = 1e-07)
  Iteration 41 (of 50).   Current convergence value = 0.000805523 (threshold = 1e-07)
  Iteration 42 (of 50).   Current convergence value = 0.000736049 (threshold = 1e-07)
  Iteration 43 (of 50).   Current convergence value = 0.000661799 (threshold = 1e-07)
  Iteration 44 (of 50).   Current convergence value = 0.000600245 (threshold = 1e-07)
  Iteration 45 (of 50).   Current convergence value = 0.000566891 (threshold = 1e-07)
  Iteration 46 (of 50).   Current convergence value = 0.00058335 (threshold = 1e-07)
  Iteration 47 (of 50).   Current convergence value = 0.000749063 (threshold = 1e-07)
  Iteration 48 (of 50).   Current convergence value = 0.000705257 (threshold = 1e-07)
  Iteration 49 (of 50).   Current convergence value = 0.00058874 (threshold = 1e-07)
  Iteration 50 (of 50).   Current convergence value = 0.000561772 (threshold = 1e-07)
Current level = 4
  Iteration 1 (of 50).   Current convergence value = 0.00138269 (threshold = 1e-07)
  Iteration 2 (of 50).   Current convergence value = 0.00142685 (threshold = 1e-07)
  Iteration 3 (of 50).   Current convergence value = 0.00158204 (threshold = 1e-07)
  Iteration 4 (of 50).   Current convergence value = 0.00171413 (threshold = 1e-07)
  Iteration 5 (of 50).   Current convergence value = 0.00146169 (threshold = 1e-07)
  Iteration 6 (of 50).   Current convergence value = 0.00153563 (threshold = 1e-07)
  Iteration 7 (of 50).   Current convergence value = 0.00143623 (threshold = 1e-07)
  Iteration 8 (of 50).   Current convergence value = 0.00119126 (threshold = 1e-07)
  Iteration 9 (of 50).   Current convergence value = 0.00134615 (threshold = 1e-07)
  Iteration 10 (of 50).   Current convergence value = 0.0012974 (threshold = 1e-07)
  Iteration 11 (of 50).   Current convergence value = 0.00142397 (threshold = 1e-07)
  Iteration 12 (of 50).   Current convergence value = 0.0015359 (threshold = 1e-07)
  Iteration 13 (of 50).   Current convergence value = 0.00164186 (threshold = 1e-07)
  Iteration 14 (of 50).   Current convergence value = 0.00175059 (threshold = 1e-07)
  Iteration 15 (of 50).   Current convergence value = 0.00179795 (threshold = 1e-07)
  Iteration 16 (of 50).   Current convergence value = 0.00125278 (threshold = 1e-07)
  Iteration 17 (of 50).   Current convergence value = 0.00109804 (threshold = 1e-07)
  Iteration 18 (of 50).   Current convergence value = 0.00126244 (threshold = 1e-07)
  Iteration 19 (of 50).   Current convergence value = 0.00126066 (threshold = 1e-07)
  Iteration 20 (of 50).   Current convergence value = 0.00124962 (threshold = 1e-07)
  Iteration 21 (of 50).   Current convergence value = 0.00137978 (threshold = 1e-07)
  Iteration 22 (of 50).   Current convergence value = 0.00149632 (threshold = 1e-07)
  Iteration 23 (of 50).   Current convergence value = 0.00155697 (threshold = 1e-07)
  Iteration 24 (of 50).   Current convergence value = 0.00156669 (threshold = 1e-07)
  Iteration 25 (of 50).   Current convergence value = 0.00155921 (threshold = 1e-07)
  Iteration 26 (of 50).   Current convergence value = 0.0015436 (threshold = 1e-07)
  Iteration 27 (of 50).   Current convergence value = 0.00152152 (threshold = 1e-07)
  Iteration 28 (of 50).   Current convergence value = 0.00149378 (threshold = 1e-07)
  Iteration 29 (of 50).   Current convergence value = 0.00146032 (threshold = 1e-07)
  Iteration 30 (of 50).   Current convergence value = 0.00142688 (threshold = 1e-07)
  Iteration 31 (of 50).   Current convergence value = 0.00138697 (threshold = 1e-07)
  Iteration 32 (of 50).   Current convergence value = 0.00135537 (threshold = 1e-07)
  Iteration 33 (of 50).   Current convergence value = 0.00134992 (threshold = 1e-07)
  Iteration 34 (of 50).   Current convergence value = 0.00133719 (threshold = 1e-07)
  Iteration 35 (of 50).   Current convergence value = 0.00124461 (threshold = 1e-07)
  Iteration 36 (of 50).   Current convergence value = 0.00111033 (threshold = 1e-07)
  Iteration 37 (of 50).   Current convergence value = 0.000980677 (threshold = 1e-07)
  Iteration 38 (of 50).   Current convergence value = 0.000970221 (threshold = 1e-07)
  Iteration 39 (of 50).   Current convergence value = 0.00111182 (threshold = 1e-07)
  Iteration 40 (of 50).   Current convergence value = 0.000947985 (threshold = 1e-07)
  Iteration 41 (of 50).   Current convergence value = 0.000993854 (threshold = 1e-07)
  Iteration 42 (of 50).   Current convergence value = 0.00107179 (threshold = 1e-07)
  Iteration 43 (of 50).   Current convergence value = 0.00114441 (threshold = 1e-07)
  Iteration 44 (of 50).   Current convergence value = 0.00116621 (threshold = 1e-07)
  Iteration 45 (of 50).   Current convergence value = 0.00107777 (threshold = 1e-07)
  Iteration 46 (of 50).   Current convergence value = 0.00109712 (threshold = 1e-07)
  Iteration 47 (of 50).   Current convergence value = 0.00110545 (threshold = 1e-07)
  Iteration 48 (of 50).   Current convergence value = 0.00111076 (threshold = 1e-07)
  Iteration 49 (of 50).   Current convergence value = 0.00111278 (threshold = 1e-07)
  Iteration 50 (of 50).   Current convergence value = 0.00110602 (threshold = 1e-07)
   N4BiasFieldCorrectionImageFilter (0x174c2a0)
     RTTI typeinfo:   itk::N4BiasFieldCorrectionImageFilter<itk::Image<float, 3u>, itk::Image<float, 3u>, itk::Image<float, 3u> >
     Reference Count: 1
     Modified Time: 464
     Debug: Off
     Object Name: 
     Observers: 
       IterationEvent(Command)
     Inputs: 
       Primary: (0x1755d20) *
       _1: (0x175a650)
     Indexed Inputs: 
       0: Primary (0x1755d20)
       1: _1 (0x175a650)
     Required Input Names: Primary
     NumberOfRequiredInputs: 1
     Outputs: 
       Primary: (0x17506e0)
     Indexed Outputs: 
       0: Primary (0x17506e0)
     NumberOfRequiredOutputs: 1
     Number Of Threads: 28
     ReleaseDataFlag: Off
     ReleaseDataBeforeUpdateFlag: Off
     AbortGenerateData: Off
     Progress: 0
     Multithreader: 
       RTTI typeinfo:   itk::MultiThreader
       Reference Count: 1
       Modified Time: 134
       Debug: Off
       Object Name: 
       Observers: 
         none
       Thread Count: 28
       Global Maximum Number Of Threads: 128
       Global Default Number Of Threads: 28
     CoordinateTolerance: 1e-06
     DirectionTolerance: 1e-06
     Mask label: 1
     Number of histogram bins: 200
     Wiener filter noise: 0.01
     Bias field FWHM: 0.15
     Maximum number of iterations: [50, 50, 50, 50]
     Convergence threshold: 1e-07
     Spline order: 3
     Number of fitting levels: [4, 4, 4]
     Number of control points: [4, 5, 5]
     CurrentConvergenceMeasurement: 0.00110602
     CurrentLevel: 4
     ElapsedIterations: 51
     LogBiasFieldControlPointLattice: 
       Image (0x1758b50)
         RTTI typeinfo:   itk::Image<itk::Vector<float, 1u>, 3u>
         Reference Count: 1
         Modified Time: 1437668323
         Debug: Off
         Object Name: 
         Observers: 
           none
         Source: (none)
         Source output name: (none)
         Release Data: Off
         Data Released: False
         Global Release Data: Off
         PipelineMTime: 0
         UpdateMTime: 0
         RealTimeStamp: 0 seconds 
         LargestPossibleRegion: 
           Dimension: 3
           Index: [0, 0, 0]
           Size: [11, 19, 19]
         BufferedRegion: 
           Dimension: 3
           Index: [0, 0, 0]
           Size: [11, 19, 19]
         RequestedRegion: 
           Dimension: 3
           Index: [0, 0, 0]
           Size: [11, 19, 19]
         Spacing: [24.2999, 24.8193, 24.8193]
         Origin: [24.9135, 27.3245, -21.3347]
         Direction: 
-0.986426 0.0955388 -0.133552
-0.094675 -0.995426 -0.012818
-0.134165 -1.00435e-08 0.990959

         IndexToPointMatrix: 
-23.97 2.37121 -3.31466
-2.30059 -24.7058 -0.318134
-3.2602 -2.49273e-07 24.5949

         PointToIndexMatrix: 
-0.0405939 -0.00389611 -0.00552123
0.00384937 -0.0401069 -4.20675e-10
-0.00538095 -0.000516452 0.0399269

         Inverse Direction: 
-0.986426 -0.094675 -0.134165
0.0955388 -0.995426 -1.04409e-08
-0.133552 -0.012818 0.990959

         PixelContainer: 
           ImportImageContainer (0x1755760)
             RTTI typeinfo:   itk::ImportImageContainer<unsigned long, itk::Vector<float, 1u> >
             Reference Count: 1
             Modified Time: 1437668324
             Debug: Off
             Object Name: 
             Observers: 
               none
             Pointer: 0x7720870
             Container manages memory: true
             Size: 3971
             Capacity: 3971
Elapsed time: 532.495
END   <<<<<<<<<<<<<<<<<<<<



--------------------------------------------------------------------------------------
 Done with N4 correction (pre brain extraction):  0h 9m 51s
--------------------------------------------------------------------------------------


--------------------------------------------------------------------------------------
 Brain extraction using the following steps:
   1) Register /projects/adapt_lab/shared/ADS/Scripts/rsfMRI/xcpEngine/space/MNI/MNI-1x1x1Head.nii.gz to ./struc/sub-ADS2308_N4Corrected0._ExtractedBrain0N4.nii.gz
   2) Warp /projects/adapt_lab/shared/ADS/Scripts/rsfMRI/xcpEngine/space/MNI/MNI-1x1x1BrainPrior.nii.gz to sub-ADS2308_desc-preproc_T1w.nii.gz using, from 1),
      ./struc/sub-ADS2308_BrainExtractionWarp/Affine
   3) Refine segmentation results using Atropos
--------------------------------------------------------------------------------------

BEGIN >>>>>>>>>>>>>>>>>>>>
/packages/ants/2.1.0/bin/ResampleImageBySpacing 3 /projects/adapt_lab/shared/ADS/Scripts/rsfMRI/xcpEngine/space/MNI/MNI-1x1x1Head.nii.gz ./struc/sub-ADS2308_BrainExtractionInitialAffineFixed._ExtractedBrain0N4.nii.gz 4 4 4 1
 spacing [1, 1, 1] dim 3
 spacing2 [4, 4, 4]
 smoothing by : 3 dir 0
 smoothing by : 3 dir 1
 smoothing by : 3 dir 2
 out space [4, 4, 4]
 output size [45, 54, 45] spc [4, 4, 4]
END   <<<<<<<<<<<<<<<<<<<<


BEGIN >>>>>>>>>>>>>>>>>>>>
/packages/ants/2.1.0/bin/ResampleImageBySpacing 3 ./struc/sub-ADS2308_N4Corrected0._ExtractedBrain0N4.nii.gz ./struc/sub-ADS2308_BrainExtractionInitialAffineMoving._ExtractedBrain0N4.nii.gz 4 4 4 1
 spacing [0.899996, 0.449219, 0.449219] dim 3
 spacing2 [4, 4, 4]
 smoothing by : 3.44447 dir 0
 smoothing by : 7.90435 dir 1
 smoothing by : 7.90435 dir 2
 out space [4, 4, 4]
 output size [39, 52, 57] spc [4, 4, 4]
END   <<<<<<<<<<<<<<<<<<<<


BEGIN >>>>>>>>>>>>>>>>>>>>
/packages/ants/2.1.0/bin/ImageMath 3 ./struc/sub-ADS2308_BrainExtractionLaplacian._ExtractedBrain0N4.nii.gz Laplacian ./struc/sub-ADS2308_N4Corrected0._ExtractedBrain0N4.nii.gz 1.5 1
END   <<<<<<<<<<<<<<<<<<<<


BEGIN >>>>>>>>>>>>>>>>>>>>
/packages/ants/2.1.0/bin/ImageMath 3 ./struc/sub-ADS2308_BrainExtractionTemplateLaplacian._ExtractedBrain0N4.nii.gz Laplacian /projects/adapt_lab/shared/ADS/Scripts/rsfMRI/xcpEngine/space/MNI/MNI-1x1x1Head.nii.gz 1.5 1
END   <<<<<<<<<<<<<<<<<<<<


BEGIN >>>>>>>>>>>>>>>>>>>>
/packages/ants/2.1.0/bin/antsAI -d 3 -v 1 -m Mattes[./struc/sub-ADS2308_BrainExtractionInitialAffineFixed._ExtractedBrain0N4.nii.gz,./struc/sub-ADS2308_BrainExtractionInitialAffineMoving._ExtractedBrain0N4.nii.gz,32,Regular,0.25] -t Affine[0.1] -s [15,0.1] -p 0 -c 10 -o ./struc/sub-ADS2308_BrainExtractionInitialAffine.mat -x /projects/adapt_lab/shared/ADS/Scripts/rsfMRI/xcpEngine/space/MNI/MNI-1x1x1MaskDilated.nii.gz
Using the Mattes MI metric (number of bins = 32)
END   <<<<<<<<<<<<<<<<<<<<


BEGIN >>>>>>>>>>>>>>>>>>>>
/packages/ants/2.1.0/bin/antsRegistration -d 3 -u 1 -w [0.025,0.975] -o ./struc/sub-ADS2308_BrainExtractionPrior -r ./struc/sub-ADS2308_BrainExtractionInitialAffine.mat -z 1 --float 0 --verbose 1 -x [/projects/adapt_lab/shared/ADS/Scripts/rsfMRI/xcpEngine/space/MNI/MNI-1x1x1MaskDilated.nii.gz] -m MI[/projects/adapt_lab/shared/ADS/Scripts/rsfMRI/xcpEngine/space/MNI/MNI-1x1x1Head.nii.gz,./struc/sub-ADS2308_N4Corrected0._ExtractedBrain0N4.nii.gz,1,32,Regular,0.25] -c [1000x500x250x100,1e-8,10] -t Rigid[0.1] -f 8x4x2x1 -s 4x2x1x0 -m MI[/projects/adapt_lab/shared/ADS/Scripts/rsfMRI/xcpEngine/space/MNI/MNI-1x1x1Head.nii.gz,./struc/sub-ADS2308_N4Corrected0._ExtractedBrain0N4.nii.gz,1,32,Regular,0.25] -c [1000x500x250x100,1e-8,10] -t Affine[0.1] -f 8x4x2x1 -s 4x2x1x0 -m CC[/projects/adapt_lab/shared/ADS/Scripts/rsfMRI/xcpEngine/space/MNI/MNI-1x1x1Head.nii.gz,./struc/sub-ADS2308_N4Corrected0._ExtractedBrain0N4.nii.gz,0.5,4] -m CC[./struc/sub-ADS2308_BrainExtractionTemplateLaplacian._ExtractedBrain0N4.nii.gz,./struc/sub-ADS2308_BrainExtractionLaplacian._ExtractedBrain0N4.nii.gz,0.5,4] -c [50x10x0,1e-9,15] -t SyN[0.1,3,0] -f 4x2x1 -s 2x1x0
All_Command_lines_OK
Using double precision for computations.
=============================================================================
The composite transform comprises the following transforms (in order): 
  1. ./struc/sub-ADS2308_BrainExtractionInitialAffine.mat (type = AffineTransform)
=============================================================================
  Reading mask(s).
    Registration stage 0
      Fixed mask = /projects/adapt_lab/shared/ADS/Scripts/rsfMRI/xcpEngine/space/MNI/MNI-1x1x1MaskDilated.nii.gz
  number of levels = 4
  number of levels = 4
  number of levels = 3
  fixed image: /projects/adapt_lab/shared/ADS/Scripts/rsfMRI/xcpEngine/space/MNI/MNI-1x1x1Head.nii.gz
  moving image: ./struc/sub-ADS2308_N4Corrected0._ExtractedBrain0N4.nii.gz
  fixed image: /projects/adapt_lab/shared/ADS/Scripts/rsfMRI/xcpEngine/space/MNI/MNI-1x1x1Head.nii.gz
  moving image: ./struc/sub-ADS2308_N4Corrected0._ExtractedBrain0N4.nii.gz
  fixed image: /projects/adapt_lab/shared/ADS/Scripts/rsfMRI/xcpEngine/space/MNI/MNI-1x1x1Head.nii.gz
  moving image: ./struc/sub-ADS2308_N4Corrected0._ExtractedBrain0N4.nii.gz
  fixed image: ./struc/sub-ADS2308_BrainExtractionTemplateLaplacian._ExtractedBrain0N4.nii.gz
  moving image: ./struc/sub-ADS2308_BrainExtractionLaplacian._ExtractedBrain0N4.nii.gz
Dimension = 3
Number of stages = 3
Use Histogram Matching true
Winsorize image intensities true
Lower quantile = 0.025
Upper quantile = 0.975
Stage 1 State
   Image metric = Mattes
     Fixed image = Image (0x35a44b0)
  RTTI typeinfo:   itk::Image<double, 3u>
  Reference Count: 2
  Modified Time: 1703
  Debug: Off
  Object Name: 
  Observers: 
    none
  Source: (none)
  Source output name: (none)
  Release Data: Off
  Data Released: False
  Global Release Data: Off
  PipelineMTime: 0
  UpdateMTime: 1525
  RealTimeStamp: 0 seconds 
  LargestPossibleRegion: 
    Dimension: 3
    Index: [0, 0, 0]
    Size: [182, 218, 182]
  BufferedRegion: 
    Dimension: 3
    Index: [0, 0, 0]
    Size: [182, 218, 182]
  RequestedRegion: 
    Dimension: 3
    Index: [0, 0, 0]
    Size: [182, 218, 182]
  Spacing: [1, 1, 1]
  Origin: [-90, 126, -72]
  Direction: 
1 0 0
0 -1 0
0 0 1

  IndexToPointMatrix: 
1 0 0
0 -1 0
0 0 1

  PointToIndexMatrix: 
1 0 0
0 -1 0
0 0 1

  Inverse Direction: 
1 0 0
0 -1 0
0 0 1

  PixelContainer: 
    ImportImageContainer (0x35a3d90)
      RTTI typeinfo:   itk::ImportImageContainer<unsigned long, double>
      Reference Count: 1
      Modified Time: 1522
      Debug: Off
      Object Name: 
      Observers: 
        none
      Pointer: 0x2aaaac3be010
      Container manages memory: true
      Size: 7221032
      Capacity: 7221032

     Moving image = Image (0x35b31d0)
  RTTI typeinfo:   itk::Image<double, 3u>
  Reference Count: 2
  Modified Time: 1704
  Debug: Off
  Object Name: 
  Observers: 
    none
  Source: (none)
  Source output name: (none)
  Release Data: Off
  Data Released: False
  Global Release Data: Off
  PipelineMTime: 0
  UpdateMTime: 1701
  RealTimeStamp: 0 seconds 
  LargestPossibleRegion: 
    Dimension: 3
    Index: [0, 0, 0]
    Size: [176, 464, 512]
  BufferedRegion: 
    Dimension: 3
    Index: [0, 0, 0]
    Size: [176, 464, 512]
  RequestedRegion: 
    Dimension: 3
    Index: [0, 0, 0]
    Size: [176, 464, 512]
  Spacing: [0.899996, 0.449219, 0.449219]
  Origin: [71.4636, 98.3275, -107.779]
  Direction: 
-0.986426 0.0955388 -0.133552
-0.094675 -0.995426 -0.012818
-0.134165 -1.00435e-08 0.990959

  IndexToPointMatrix: 
-0.887779 0.0429178 -0.0599938
-0.0852071 -0.447164 -0.00575808
-0.120748 -4.51173e-09 0.445157

  PointToIndexMatrix: 
-1.09603 -0.105195 -0.149073
0.212678 -2.2159 -2.32423e-08
-0.297297 -0.028534 2.20596

  Inverse Direction: 
-0.986426 -0.094675 -0.134165
0.0955388 -0.995426 -1.04409e-08
-0.133552 -0.012818 0.990959

  PixelContainer: 
    ImportImageContainer (0x35a9ae0)
      RTTI typeinfo:   itk::ImportImageContainer<unsigned long, double>
      Reference Count: 1
      Modified Time: 1698
      Debug: Off
      Object Name: 
      Observers: 
        none
      Pointer: 0x2aaaafad6010
      Container manages memory: true
      Size: 41811968
      Capacity: 41811968

     Weighting = 1
     Sampling strategy = regular
     Number of bins = 32
     Radius = 4
     Sampling percentage  = 0.25
   Transform = Rigid
     Gradient step = 0.1
     Update field sigma (voxel space) = 0
     Total field sigma (voxel space) = 0
     Update field time sigma = 0
     Total field time sigma  = 0
     Number of time indices = 0
     Number of time point samples = 0
Stage 2 State
   Image metric = Mattes
     Fixed image = Image (0x35b45e0)
  RTTI typeinfo:   itk::Image<double, 3u>
  Reference Count: 2
  Modified Time: 2055
  Debug: Off
  Object Name: 
  Observers: 
    none
  Source: (none)
  Source output name: (none)
  Release Data: Off
  Data Released: False
  Global Release Data: Off
  PipelineMTime: 0
  UpdateMTime: 1877
  RealTimeStamp: 0 seconds 
  LargestPossibleRegion: 
    Dimension: 3
    Index: [0, 0, 0]
    Size: [182, 218, 182]
  BufferedRegion: 
    Dimension: 3
    Index: [0, 0, 0]
    Size: [182, 218, 182]
  RequestedRegion: 
    Dimension: 3
    Index: [0, 0, 0]
    Size: [182, 218, 182]
  Spacing: [1, 1, 1]
  Origin: [-90, 126, -72]
  Direction: 
1 0 0
0 -1 0
0 0 1

  IndexToPointMatrix: 
1 0 0
0 -1 0
0 0 1

  PointToIndexMatrix: 
1 0 0
0 -1 0
0 0 1

  Inverse Direction: 
1 0 0
0 -1 0
0 0 1

  PixelContainer: 
    ImportImageContainer (0x35a4ec0)
      RTTI typeinfo:   itk::ImportImageContainer<unsigned long, double>
      Reference Count: 1
      Modified Time: 1874
      Debug: Off
      Object Name: 
      Observers: 
        none
      Pointer: 0x2aaac39d7010
      Container manages memory: true
      Size: 7221032
      Capacity: 7221032

     Moving image = Image (0x35b6ca0)
  RTTI typeinfo:   itk::Image<double, 3u>
  Reference Count: 2
  Modified Time: 2056
  Debug: Off
  Object Name: 
  Observers: 
    none
  Source: (none)
  Source output name: (none)
  Release Data: Off
  Data Released: False
  Global Release Data: Off
  PipelineMTime: 0
  UpdateMTime: 2053
  RealTimeStamp: 0 seconds 
  LargestPossibleRegion: 
    Dimension: 3
    Index: [0, 0, 0]
    Size: [176, 464, 512]
  BufferedRegion: 
    Dimension: 3
    Index: [0, 0, 0]
    Size: [176, 464, 512]
  RequestedRegion: 
    Dimension: 3
    Index: [0, 0, 0]
    Size: [176, 464, 512]
  Spacing: [0.899996, 0.449219, 0.449219]
  Origin: [71.4636, 98.3275, -107.779]
  Direction: 
-0.986426 0.0955388 -0.133552
-0.094675 -0.995426 -0.012818
-0.134165 -1.00435e-08 0.990959

  IndexToPointMatrix: 
-0.887779 0.0429178 -0.0599938
-0.0852071 -0.447164 -0.00575808
-0.120748 -4.51173e-09 0.445157

  PointToIndexMatrix: 
-1.09603 -0.105195 -0.149073
0.212678 -2.2159 -2.32423e-08
-0.297297 -0.028534 2.20596

  Inverse Direction: 
-0.986426 -0.094675 -0.134165
0.0955388 -0.995426 -1.04409e-08
-0.133552 -0.012818 0.990959

  PixelContainer: 
    ImportImageContainer (0x35b65f0)
      RTTI typeinfo:   itk::ImportImageContainer<unsigned long, double>
      Reference Count: 1
      Modified Time: 2050
      Debug: Off
      Object Name: 
      Observers: 
        none
      Pointer: 0x2aaac70ef010
      Container manages memory: true
      Size: 41811968
      Capacity: 41811968

     Weighting = 1
     Sampling strategy = regular
     Number of bins = 32
     Radius = 4
     Sampling percentage  = 0.25
   Transform = Affine
     Gradient step = 0.1
     Update field sigma (voxel space) = 0
     Total field sigma (voxel space) = 0
     Update field time sigma = 0
     Total field time sigma  = 0
     Number of time indices = 0
     Number of time point samples = 0
Stage 3 State
   Image metric = CC
     Fixed image = Image (0x35b28a0)
  RTTI typeinfo:   itk::Image<double, 3u>
  Reference Count: 2
  Modified Time: 2407
  Debug: Off
  Object Name: 
  Observers: 
    none
  Source: (none)
  Source output name: (none)
  Release Data: Off
  Data Released: False
  Global Release Data: Off
  PipelineMTime: 0
  UpdateMTime: 2229
  RealTimeStamp: 0 seconds 
  LargestPossibleRegion: 
    Dimension: 3
    Index: [0, 0, 0]
    Size: [182, 218, 182]
  BufferedRegion: 
    Dimension: 3
    Index: [0, 0, 0]
    Size: [182, 218, 182]
  RequestedRegion: 
    Dimension: 3
    Index: [0, 0, 0]
    Size: [182, 218, 182]
  Spacing: [1, 1, 1]
  Origin: [-90, 126, -72]
  Direction: 
1 0 0
0 -1 0
0 0 1

  IndexToPointMatrix: 
1 0 0
0 -1 0
0 0 1

  PointToIndexMatrix: 
1 0 0
0 -1 0
0 0 1

  Inverse Direction: 
1 0 0
0 -1 0
0 0 1

  PixelContainer: 
    ImportImageContainer (0x35b2b30)
      RTTI typeinfo:   itk::ImportImageContainer<unsigned long, double>
      Reference Count: 1
      Modified Time: 2226
      Debug: Off
      Object Name: 
      Observers: 
        none
      Pointer: 0x2aaadaff0010
      Container manages memory: true
      Size: 7221032
      Capacity: 7221032

     Moving image = Image (0x35b98f0)
  RTTI typeinfo:   itk::Image<double, 3u>
  Reference Count: 2
  Modified Time: 2408
  Debug: Off
  Object Name: 
  Observers: 
    none
  Source: (none)
  Source output name: (none)
  Release Data: Off
  Data Released: False
  Global Release Data: Off
  PipelineMTime: 0
  UpdateMTime: 2405
  RealTimeStamp: 0 seconds 
  LargestPossibleRegion: 
    Dimension: 3
    Index: [0, 0, 0]
    Size: [176, 464, 512]
  BufferedRegion: 
    Dimension: 3
    Index: [0, 0, 0]
    Size: [176, 464, 512]
  RequestedRegion: 
    Dimension: 3
    Index: [0, 0, 0]
    Size: [176, 464, 512]
  Spacing: [0.899996, 0.449219, 0.449219]
  Origin: [71.4636, 98.3275, -107.779]
  Direction: 
-0.986426 0.0955388 -0.133552
-0.094675 -0.995426 -0.012818
-0.134165 -1.00435e-08 0.990959

  IndexToPointMatrix: 
-0.887779 0.0429178 -0.0599938
-0.0852071 -0.447164 -0.00575808
-0.120748 -4.51173e-09 0.445157

  PointToIndexMatrix: 
-1.09603 -0.105195 -0.149073
0.212678 -2.2159 -2.32423e-08
-0.297297 -0.028534 2.20596

  Inverse Direction: 
-0.986426 -0.094675 -0.134165
0.0955388 -0.995426 -1.04409e-08
-0.133552 -0.012818 0.990959

  PixelContainer: 
    ImportImageContainer (0x35b9b80)
      RTTI typeinfo:   itk::ImportImageContainer<unsigned long, double>
      Reference Count: 1
      Modified Time: 2402
      Debug: Off
      Object Name: 
      Observers: 
        none
      Pointer: 0x2aaade708010
      Container manages memory: true
      Size: 41811968
      Capacity: 41811968

     Weighting = 0.5
     Sampling strategy = none
     Number of bins = 32
     Radius = 4
     Sampling percentage  = 1
   Transform = SyN
     Gradient step = 0.1
     Update field sigma (voxel space) = 3
     Total field sigma (voxel space) = 0
     Update field time sigma = 0
     Total field time sigma  = 0
     Number of time indices = 0
     Number of time point samples = 0
Registration using 3 total stages.

Stage 0
  iterations = 1000x500x250x100
  convergence threshold = 1e-08
  convergence window size = 10
  number of levels = 4
  using the Mattes MI metric (number of bins = 32, weight = 1)
  preprocessing:  winsorizing the image intensities
  preprocessing:  histogram matching the images
  Shrink factors (level 1 out of 4): [8, 8, 8]
  Shrink factors (level 2 out of 4): [4, 4, 4]
  Shrink factors (level 3 out of 4): [2, 2, 2]
  Shrink factors (level 4 out of 4): [1, 1, 1]
  smoothing sigmas per level: [4, 2, 1, 0]
  regular sampling (percentage = 0.25)

*** Running Euler3DTransform registration ***

DIAGNOSTIC,Iteration,metricValue,convergenceValue,ITERATION_TIME_INDEX,SINCE_LAST
 2DIAGNOSTIC,     1, -3.310264753242e-01, 1.797693134862e+308, 1.6209e+01, 1.6209e+01, 
 2DIAGNOSTIC,     2, -3.336902707154e-01, 1.797693134862e+308, 1.6216e+01, 7.2730e-03, 
 2DIAGNOSTIC,     3, -3.351753400434e-01, 1.797693134862e+308, 1.6224e+01, 7.3440e-03, 
 2DIAGNOSTIC,     4, -3.360028690250e-01, 1.797693134862e+308, 1.6231e+01, 7.2231e-03, 
 2DIAGNOSTIC,     5, -3.361822151768e-01, 1.797693134862e+308, 1.6238e+01, 7.0579e-03, 
 2DIAGNOSTIC,     6, -3.365451131316e-01, 1.797693134862e+308, 1.6247e+01, 8.7640e-03, 
 2DIAGNOSTIC,     7, -3.373944988900e-01, 1.797693134862e+308, 1.6264e+01, 1.7162e-02, 
 2DIAGNOSTIC,     8, -3.374636621022e-01, 1.797693134862e+308, 1.6273e+01, 9.0151e-03, 
 2DIAGNOSTIC,     9, -3.375349425814e-01, 1.797693134862e+308, 1.6280e+01, 7.1809e-03, 
 2DIAGNOSTIC,    10, -3.375546727731e-01, 1.035845613916e-03, 1.6289e+01, 9.1321e-03, 
 2DIAGNOSTIC,    11, -3.375680545322e-01, 6.004110659725e-04, 1.6298e+01, 9.1300e-03, 
 2DIAGNOSTIC,    12, -3.375761475007e-01, 3.694162880417e-04, 1.6307e+01, 9.0649e-03, 
 2DIAGNOSTIC,    13, -3.376067330099e-01, 2.382353266912e-04, 1.6329e+01, 2.1631e-02, 
 2DIAGNOSTIC,    14, -3.376071318542e-01, 1.550886389569e-04, 1.6344e+01, 1.5414e-02, 
 2DIAGNOSTIC,    15, -3.376071363557e-01, 7.926545313218e-05, 1.6371e+01, 2.6439e-02, 
 2DIAGNOSTIC,    16, -3.376071363708e-01, 2.386373421297e-05, 1.6391e+01, 2.0379e-02, 
 2DIAGNOSTIC,    17, -3.376071363716e-01, 1.512309252624e-05, 1.6410e+01, 1.8606e-02, 
 2DIAGNOSTIC,    18, -3.376071363716e-01, 9.276842270395e-06, 1.6442e+01, 3.1615e-02, 
 2DIAGNOSTIC,    19, -3.376071363716e-01, 6.501764584547e-06, 1.6453e+01, 1.0989e-02, 
 2DIAGNOSTIC,    20, -3.376071363716e-01, 4.398366033415e-06, 1.6463e+01, 1.0806e-02, 
 2DIAGNOSTIC,    21, -3.376071363716e-01, 2.778162864009e-06, 1.6476e+01, 1.2207e-02, 
 2DIAGNOSTIC,    22, -3.376071363716e-01, 1.464957631765e-06, 1.6486e+01, 1.0611e-02, 
 2DIAGNOSTIC,    23, -3.376071363716e-01, 1.386343237611e-06, 1.6497e+01, 1.0601e-02, 
 2DIAGNOSTIC,    24, -3.376071363716e-01, 1.328294668819e-06, 1.6507e+01, 1.0654e-02, 
 2DIAGNOSTIC,    25, -3.376071363716e-01, 1.275051501534e-06, 1.6518e+01, 1.0699e-02, 
 2DIAGNOSTIC,    26, -3.376071363716e-01, 1.225912665125e-06, 1.6529e+01, 1.0776e-02, 
 2DIAGNOSTIC,    27, -3.376071363716e-01, 1.180420795686e-06, 1.6542e+01, 1.2715e-02, 
 2DIAGNOSTIC,    28, -3.376071363716e-01, 1.138184398689e-06, 1.6553e+01, 1.1680e-02, 
 2DIAGNOSTIC,    29, -3.376071363716e-01, 1.098866093910e-06, 1.6563e+01, 9.9258e-03, 
 2DIAGNOSTIC,    30, -3.376071363716e-01, 1.062173565006e-06, 1.6574e+01, 1.1222e-02, 
