nts on sub-ADS9312
The output directory "./struc" does not exist. Making it.
---------------------  Running antsBrainExtraction.sh on n008  ---------------------

--------------------------------------------------------------------------------------
 Bias correction of anatomical images (pre brain extraction)
   1) pre-process by truncating the image intensities
   2) run N4
--------------------------------------------------------------------------------------

BEGIN >>>>>>>>>>>>>>>>>>>>
/packages/ants/2.1.0/bin/ImageMath 3 ./struc/sub-ADS9312_N4Truncated0._ExtractedBrain0N4.nii.gz TruncateImageIntensity sub-ADS9312_desc-preproc_T1w.nii.gz 0.01 0.999 256
END   <<<<<<<<<<<<<<<<<<<<


BEGIN >>>>>>>>>>>>>>>>>>>>
/packages/ants/2.1.0/bin/N4BiasFieldCorrection -d 3 -i ./struc/sub-ADS9312_N4Truncated0._ExtractedBrain0N4.nii.gz -s 4 -c [50x50x50x50,0.0000001] -b [200] -o ./struc/sub-ADS9312_N4Corrected0._ExtractedBrain0N4.nii.gz --verbose 1

Running N4 for 3-dimensional images.

Mask not read.  Using the entire image as the mask.

Specified spline distance: 200mm
  original image size:  [176, 464, 512]
  padded image size:  [223, 891, 891]
  number of control points:  [4, 5, 5]

Current level = 1
  Iteration 1 (of 50).   Current convergence value = 8.40579e-05 (threshold = 1e-07)
  Iteration 2 (of 50).   Current convergence value = 8.2847e-05 (threshold = 1e-07)
  Iteration 3 (of 50).   Current convergence value = 8.18315e-05 (threshold = 1e-07)
  Iteration 4 (of 50).   Current convergence value = 8.0701e-05 (threshold = 1e-07)
  Iteration 5 (of 50).   Current convergence value = 7.95093e-05 (threshold = 1e-07)
  Iteration 6 (of 50).   Current convergence value = 7.84242e-05 (threshold = 1e-07)
  Iteration 7 (of 50).   Current convergence value = 7.7489e-05 (threshold = 1e-07)
  Iteration 8 (of 50).   Current convergence value = 7.63664e-05 (threshold = 1e-07)
  Iteration 9 (of 50).   Current convergence value = 7.54157e-05 (threshold = 1e-07)
  Iteration 10 (of 50).   Current convergence value = 7.42427e-05 (threshold = 1e-07)
  Iteration 11 (of 50).   Current convergence value = 7.29989e-05 (threshold = 1e-07)
  Iteration 12 (of 50).   Current convergence value = 7.1885e-05 (threshold = 1e-07)
  Iteration 13 (of 50).   Current convergence value = 7.08171e-05 (threshold = 1e-07)
  Iteration 14 (of 50).   Current convergence value = 6.98204e-05 (threshold = 1e-07)
  Iteration 15 (of 50).   Current convergence value = 6.88357e-05 (threshold = 1e-07)
  Iteration 16 (of 50).   Current convergence value = 6.77644e-05 (threshold = 1e-07)
  Iteration 17 (of 50).   Current convergence value = 6.68227e-05 (threshold = 1e-07)
  Iteration 18 (of 50).   Current convergence value = 6.58308e-05 (threshold = 1e-07)
  Iteration 19 (of 50).   Current convergence value = 6.44735e-05 (threshold = 1e-07)
  Iteration 20 (of 50).   Current convergence value = 6.3085e-05 (threshold = 1e-07)
  Iteration 21 (of 50).   Current convergence value = 6.18827e-05 (threshold = 1e-07)
  Iteration 22 (of 50).   Current convergence value = 6.05092e-05 (threshold = 1e-07)
  Iteration 23 (of 50).   Current convergence value = 5.91761e-05 (threshold = 1e-07)
  Iteration 24 (of 50).   Current convergence value = 5.80117e-05 (threshold = 1e-07)
  Iteration 25 (of 50).   Current convergence value = 5.68171e-05 (threshold = 1e-07)
  Iteration 26 (of 50).   Current convergence value = 5.56855e-05 (threshold = 1e-07)
  Iteration 27 (of 50).   Current convergence value = 5.45727e-05 (threshold = 1e-07)
  Iteration 28 (of 50).   Current convergence value = 5.3447e-05 (threshold = 1e-07)
  Iteration 29 (of 50).   Current convergence value = 5.24847e-05 (threshold = 1e-07)
  Iteration 30 (of 50).   Current convergence value = 5.14296e-05 (threshold = 1e-07)
  Iteration 31 (of 50).   Current convergence value = 5.05047e-05 (threshold = 1e-07)
  Iteration 32 (of 50).   Current convergence value = 4.94922e-05 (threshold = 1e-07)
  Iteration 33 (of 50).   Current convergence value = 4.85767e-05 (threshold = 1e-07)
  Iteration 34 (of 50).   Current convergence value = 4.76561e-05 (threshold = 1e-07)
  Iteration 35 (of 50).   Current convergence value = 4.67649e-05 (threshold = 1e-07)
  Iteration 36 (of 50).   Current convergence value = 4.58482e-05 (threshold = 1e-07)
  Iteration 37 (of 50).   Current convergence value = 4.49369e-05 (threshold = 1e-07)
  Iteration 38 (of 50).   Current convergence value = 4.40467e-05 (threshold = 1e-07)
  Iteration 39 (of 50).   Current convergence value = 4.32543e-05 (threshold = 1e-07)
  Iteration 40 (of 50).   Current convergence value = 4.24816e-05 (threshold = 1e-07)
  Iteration 41 (of 50).   Current convergence value = 4.17402e-05 (threshold = 1e-07)
  Iteration 42 (of 50).   Current convergence value = 4.1007e-05 (threshold = 1e-07)
  Iteration 43 (of 50).   Current convergence value = 4.03269e-05 (threshold = 1e-07)
  Iteration 44 (of 50).   Current convergence value = 3.96957e-05 (threshold = 1e-07)
  Iteration 45 (of 50).   Current convergence value = 3.89502e-05 (threshold = 1e-07)
  Iteration 46 (of 50).   Current convergence value = 3.82461e-05 (threshold = 1e-07)
  Iteration 47 (of 50).   Current convergence value = 3.76322e-05 (threshold = 1e-07)
  Iteration 48 (of 50).   Current convergence value = 3.69317e-05 (threshold = 1e-07)
  Iteration 49 (of 50).   Current convergence value = 3.62204e-05 (threshold = 1e-07)
  Iteration 50 (of 50).   Current convergence value = 3.56356e-05 (threshold = 1e-07)
Current level = 2
  Iteration 1 (of 50).   Current convergence value = 0.000213377 (threshold = 1e-07)
  Iteration 2 (of 50).   Current convergence value = 0.000212003 (threshold = 1e-07)
  Iteration 3 (of 50).   Current convergence value = 0.00021041 (threshold = 1e-07)
  Iteration 4 (of 50).   Current convergence value = 0.000209042 (threshold = 1e-07)
  Iteration 5 (of 50).   Current convergence value = 0.000207059 (threshold = 1e-07)
  Iteration 6 (of 50).   Current convergence value = 0.000205724 (threshold = 1e-07)
  Iteration 7 (of 50).   Current convergence value = 0.00020399 (threshold = 1e-07)
  Iteration 8 (of 50).   Current convergence value = 0.000202394 (threshold = 1e-07)
  Iteration 9 (of 50).   Current convergence value = 0.000200945 (threshold = 1e-07)
  Iteration 10 (of 50).   Current convergence value = 0.000199242 (threshold = 1e-07)
  Iteration 11 (of 50).   Current convergence value = 0.00019831 (threshold = 1e-07)
  Iteration 12 (of 50).   Current convergence value = 0.000196711 (threshold = 1e-07)
  Iteration 13 (of 50).   Current convergence value = 0.000195376 (threshold = 1e-07)
  Iteration 14 (of 50).   Current convergence value = 0.000193896 (threshold = 1e-07)
  Iteration 15 (of 50).   Current convergence value = 0.000192585 (threshold = 1e-07)
  Iteration 16 (of 50).   Current convergence value = 0.00019098 (threshold = 1e-07)
  Iteration 17 (of 50).   Current convergence value = 0.000189591 (threshold = 1e-07)
  Iteration 18 (of 50).   Current convergence value = 0.000188042 (threshold = 1e-07)
  Iteration 19 (of 50).   Current convergence value = 0.000186735 (threshold = 1e-07)
  Iteration 20 (of 50).   Current convergence value = 0.000185499 (threshold = 1e-07)
  Iteration 21 (of 50).   Current convergence value = 0.000184035 (threshold = 1e-07)
  Iteration 22 (of 50).   Current convergence value = 0.000182985 (threshold = 1e-07)
  Iteration 23 (of 50).   Current convergence value = 0.000181851 (threshold = 1e-07)
  Iteration 24 (of 50).   Current convergence value = 0.00018036 (threshold = 1e-07)
  Iteration 25 (of 50).   Current convergence value = 0.000179059 (threshold = 1e-07)
  Iteration 26 (of 50).   Current convergence value = 0.000177617 (threshold = 1e-07)
  Iteration 27 (of 50).   Current convergence value = 0.000176498 (threshold = 1e-07)
  Iteration 28 (of 50).   Current convergence value = 0.000175241 (threshold = 1e-07)
  Iteration 29 (of 50).   Current convergence value = 0.000174219 (threshold = 1e-07)
  Iteration 30 (of 50).   Current convergence value = 0.000173276 (threshold = 1e-07)
  Iteration 31 (of 50).   Current convergence value = 0.00017247 (threshold = 1e-07)
  Iteration 32 (of 50).   Current convergence value = 0.000171609 (threshold = 1e-07)
  Iteration 33 (of 50).   Current convergence value = 0.000170984 (threshold = 1e-07)
  Iteration 34 (of 50).   Current convergence value = 0.000170837 (threshold = 1e-07)
  Iteration 35 (of 50).   Current convergence value = 0.000169618 (threshold = 1e-07)
  Iteration 36 (of 50).   Current convergence value = 0.000168338 (threshold = 1e-07)
  Iteration 37 (of 50).   Current convergence value = 0.000167046 (threshold = 1e-07)
  Iteration 38 (of 50).   Current convergence value = 0.000165887 (threshold = 1e-07)
  Iteration 39 (of 50).   Current convergence value = 0.000164415 (threshold = 1e-07)
  Iteration 40 (of 50).   Current convergence value = 0.000163196 (threshold = 1e-07)
  Iteration 41 (of 50).   Current convergence value = 0.000161605 (threshold = 1e-07)
  Iteration 42 (of 50).   Current convergence value = 0.000160292 (threshold = 1e-07)
  Iteration 43 (of 50).   Current convergence value = 0.000158725 (threshold = 1e-07)
  Iteration 44 (of 50).   Current convergence value = 0.000157361 (threshold = 1e-07)
  Iteration 45 (of 50).   Current convergence value = 0.000156198 (threshold = 1e-07)
  Iteration 46 (of 50).   Current convergence value = 0.000154799 (threshold = 1e-07)
  Iteration 47 (of 50).   Current convergence value = 0.000153921 (threshold = 1e-07)
  Iteration 48 (of 50).   Current convergence value = 0.000153047 (threshold = 1e-07)
  Iteration 49 (of 50).   Current convergence value = 0.000152073 (threshold = 1e-07)
  Iteration 50 (of 50).   Current convergence value = 0.000151798 (threshold = 1e-07)
Current level = 3
  Iteration 1 (of 50).   Current convergence value = 0.000673736 (threshold = 1e-07)
  Iteration 2 (of 50).   Current convergence value = 0.000675455 (threshold = 1e-07)
  Iteration 3 (of 50).   Current convergence value = 0.000680768 (threshold = 1e-07)
  Iteration 4 (of 50).   Current convergence value = 0.000687933 (threshold = 1e-07)
  Iteration 5 (of 50).   Current convergence value = 0.000699922 (threshold = 1e-07)
  Iteration 6 (of 50).   Current convergence value = 0.00071207 (threshold = 1e-07)
  Iteration 7 (of 50).   Current convergence value = 0.000720729 (threshold = 1e-07)
  Iteration 8 (of 50).   Current convergence value = 0.000726517 (threshold = 1e-07)
  Iteration 9 (of 50).   Current convergence value = 0.000731757 (threshold = 1e-07)
  Iteration 10 (of 50).   Current convergence value = 0.000733719 (threshold = 1e-07)
  Iteration 11 (of 50).   Current convergence value = 0.000734399 (threshold = 1e-07)
  Iteration 12 (of 50).   Current convergence value = 0.000733596 (threshold = 1e-07)
  Iteration 13 (of 50).   Current convergence value = 0.000728345 (threshold = 1e-07)
  Iteration 14 (of 50).   Current convergence value = 0.000722806 (threshold = 1e-07)
  Iteration 15 (of 50).   Current convergence value = 0.000718419 (threshold = 1e-07)
  Iteration 16 (of 50).   Current convergence value = 0.000713924 (threshold = 1e-07)
  Iteration 17 (of 50).   Current convergence value = 0.000710627 (threshold = 1e-07)
  Iteration 18 (of 50).   Current convergence value = 0.000707309 (threshold = 1e-07)
  Iteration 19 (of 50).   Current convergence value = 0.00070418 (threshold = 1e-07)
  Iteration 20 (of 50).   Current convergence value = 0.000703311 (threshold = 1e-07)
  Iteration 21 (of 50).   Current convergence value = 0.000701452 (threshold = 1e-07)
  Iteration 22 (of 50).   Current convergence value = 0.00069858 (threshold = 1e-07)
  Iteration 23 (of 50).   Current convergence value = 0.000694448 (threshold = 1e-07)
  Iteration 24 (of 50).   Current convergence value = 0.000691084 (threshold = 1e-07)
  Iteration 25 (of 50).   Current convergence value = 0.000687477 (threshold = 1e-07)
  Iteration 26 (of 50).   Current convergence value = 0.000684408 (threshold = 1e-07)
  Iteration 27 (of 50).   Current convergence value = 0.000680892 (threshold = 1e-07)
  Iteration 28 (of 50).   Current convergence value = 0.000678793 (threshold = 1e-07)
  Iteration 29 (of 50).   Current convergence value = 0.000677451 (threshold = 1e-07)
  Iteration 30 (of 50).   Current convergence value = 0.000677987 (threshold = 1e-07)
  Iteration 31 (of 50).   Current convergence value = 0.000679489 (threshold = 1e-07)
  Iteration 32 (of 50).   Current convergence value = 0.000681861 (threshold = 1e-07)
  Iteration 33 (of 50).   Current convergence value = 0.000674508 (threshold = 1e-07)
  Iteration 34 (of 50).   Current convergence value = 0.000666548 (threshold = 1e-07)
  Iteration 35 (of 50).   Current convergence value = 0.000659899 (threshold = 1e-07)
  Iteration 36 (of 50).   Current convergence value = 0.000653775 (threshold = 1e-07)
  Iteration 37 (of 50).   Current convergence value = 0.00064842 (threshold = 1e-07)
  Iteration 38 (of 50).   Current convergence value = 0.000644043 (threshold = 1e-07)
  Iteration 39 (of 50).   Current convergence value = 0.000638906 (threshold = 1e-07)
  Iteration 40 (of 50).   Current convergence value = 0.000635321 (threshold = 1e-07)
  Iteration 41 (of 50).   Current convergence value = 0.000632325 (threshold = 1e-07)
  Iteration 42 (of 50).   Current convergence value = 0.00062888 (threshold = 1e-07)
  Iteration 43 (of 50).   Current convergence value = 0.000625888 (threshold = 1e-07)
  Iteration 44 (of 50).   Current convergence value = 0.000624084 (threshold = 1e-07)
  Iteration 45 (of 50).   Current convergence value = 0.000622525 (threshold = 1e-07)
  Iteration 46 (of 50).   Current convergence value = 0.000620025 (threshold = 1e-07)
  Iteration 47 (of 50).   Current convergence value = 0.00061733 (threshold = 1e-07)
  Iteration 48 (of 50).   Current convergence value = 0.000615199 (threshold = 1e-07)
  Iteration 49 (of 50).   Current convergence value = 0.000612983 (threshold = 1e-07)
  Iteration 50 (of 50).   Current convergence value = 0.000610021 (threshold = 1e-07)
Current level = 4
  Iteration 1 (of 50).   Current convergence value = 0.00173455 (threshold = 1e-07)
  Iteration 2 (of 50).   Current convergence value = 0.00173371 (threshold = 1e-07)
  Iteration 3 (of 50).   Current convergence value = 0.00173514 (threshold = 1e-07)
  Iteration 4 (of 50).   Current convergence value = 0.00173606 (threshold = 1e-07)
  Iteration 5 (of 50).   Current convergence value = 0.0017367 (threshold = 1e-07)
  Iteration 6 (of 50).   Current convergence value = 0.00174273 (threshold = 1e-07)
  Iteration 7 (of 50).   Current convergence value = 0.00175504 (threshold = 1e-07)
  Iteration 8 (of 50).   Current convergence value = 0.00176821 (threshold = 1e-07)
  Iteration 9 (of 50).   Current convergence value = 0.00176939 (threshold = 1e-07)
  Iteration 10 (of 50).   Current convergence value = 0.0017646 (threshold = 1e-07)
  Iteration 11 (of 50).   Current convergence value = 0.0017597 (threshold = 1e-07)
  Iteration 12 (of 50).   Current convergence value = 0.00175544 (threshold = 1e-07)
  Iteration 13 (of 50).   Current convergence value = 0.00174902 (threshold = 1e-07)
  Iteration 14 (of 50).   Current convergence value = 0.00174027 (threshold = 1e-07)
  Iteration 15 (of 50).   Current convergence value = 0.00173142 (threshold = 1e-07)
  Iteration 16 (of 50).   Current convergence value = 0.00172228 (threshold = 1e-07)
  Iteration 17 (of 50).   Current convergence value = 0.00171107 (threshold = 1e-07)
  Iteration 18 (of 50).   Current convergence value = 0.00169955 (threshold = 1e-07)
  Iteration 19 (of 50).   Current convergence value = 0.00169269 (threshold = 1e-07)
  Iteration 20 (of 50).   Current convergence value = 0.0016879 (threshold = 1e-07)
  Iteration 21 (of 50).   Current convergence value = 0.0016837 (threshold = 1e-07)
  Iteration 22 (of 50).   Current convergence value = 0.00167931 (threshold = 1e-07)
  Iteration 23 (of 50).   Current convergence value = 0.00167811 (threshold = 1e-07)
  Iteration 24 (of 50).   Current convergence value = 0.00167746 (threshold = 1e-07)
  Iteration 25 (of 50).   Current convergence value = 0.00168485 (threshold = 1e-07)
  Iteration 26 (of 50).   Current convergence value = 0.00168758 (threshold = 1e-07)
  Iteration 27 (of 50).   Current convergence value = 0.00168536 (threshold = 1e-07)
  Iteration 28 (of 50).   Current convergence value = 0.00168049 (threshold = 1e-07)
  Iteration 29 (of 50).   Current convergence value = 0.00168665 (threshold = 1e-07)
  Iteration 30 (of 50).   Current convergence value = 0.0016921 (threshold = 1e-07)
  Iteration 31 (of 50).   Current convergence value = 0.00169036 (threshold = 1e-07)
  Iteration 32 (of 50).   Current convergence value = 0.00168281 (threshold = 1e-07)
  Iteration 33 (of 50).   Current convergence value = 0.00166641 (threshold = 1e-07)
  Iteration 34 (of 50).   Current convergence value = 0.00164705 (threshold = 1e-07)
  Iteration 35 (of 50).   Current convergence value = 0.00163136 (threshold = 1e-07)
  Iteration 36 (of 50).   Current convergence value = 0.00161629 (threshold = 1e-07)
  Iteration 37 (of 50).   Current convergence value = 0.00160152 (threshold = 1e-07)
  Iteration 38 (of 50).   Current convergence value = 0.00158848 (threshold = 1e-07)
  Iteration 39 (of 50).   Current convergence value = 0.00157624 (threshold = 1e-07)
  Iteration 40 (of 50).   Current convergence value = 0.00156501 (threshold = 1e-07)
  Iteration 41 (of 50).   Current convergence value = 0.00155317 (threshold = 1e-07)
  Iteration 42 (of 50).   Current convergence value = 0.00154453 (threshold = 1e-07)
  Iteration 43 (of 50).   Current convergence value = 0.00154551 (threshold = 1e-07)
  Iteration 44 (of 50).   Current convergence value = 0.0015504 (threshold = 1e-07)
  Iteration 45 (of 50).   Current convergence value = 0.00155485 (threshold = 1e-07)
  Iteration 46 (of 50).   Current convergence value = 0.00155435 (threshold = 1e-07)
  Iteration 47 (of 50).   Current convergence value = 0.00155076 (threshold = 1e-07)
  Iteration 48 (of 50).   Current convergence value = 0.00154756 (threshold = 1e-07)
  Iteration 49 (of 50).   Current convergence value = 0.00154638 (threshold = 1e-07)
  Iteration 50 (of 50).   Current convergence value = 0.0015531 (threshold = 1e-07)
   N4BiasFieldCorrectionImageFilter (0x174c2a0)
     RTTI typeinfo:   itk::N4BiasFieldCorrectionImageFilter<itk::Image<float, 3u>, itk::Image<float, 3u>, itk::Image<float, 3u> >
     Reference Count: 1
     Modified Time: 464
     Debug: Off
     Object Name: 
     Observers: 
       IterationEvent(Command)
     Inputs: 
       Primary: (0x1755d20) *
       _1: (0x175a650)
     Indexed Inputs: 
       0: Primary (0x1755d20)
       1: _1 (0x175a650)
     Required Input Names: Primary
     NumberOfRequiredInputs: 1
     Outputs: 
       Primary: (0x17506e0)
     Indexed Outputs: 
       0: Primary (0x17506e0)
     NumberOfRequiredOutputs: 1
     Number Of Threads: 28
     ReleaseDataFlag: Off
     ReleaseDataBeforeUpdateFlag: Off
     AbortGenerateData: Off
     Progress: 0
     Multithreader: 
       RTTI typeinfo:   itk::MultiThreader
       Reference Count: 1
       Modified Time: 134
       Debug: Off
       Object Name: 
       Observers: 
         none
       Thread Count: 28
       Global Maximum Number Of Threads: 128
       Global Default Number Of Threads: 28
     CoordinateTolerance: 1e-06
     DirectionTolerance: 1e-06
     Mask label: 1
     Number of histogram bins: 200
     Wiener filter noise: 0.01
     Bias field FWHM: 0.15
     Maximum number of iterations: [50, 50, 50, 50]
     Convergence threshold: 1e-07
     Spline order: 3
     Number of fitting levels: [4, 4, 4]
     Number of control points: [4, 5, 5]
     CurrentConvergenceMeasurement: 0.0015531
     CurrentLevel: 4
     ElapsedIterations: 51
     LogBiasFieldControlPointLattice: 
       Image (0x1758b50)
         RTTI typeinfo:   itk::Image<itk::Vector<float, 1u>, 3u>
         Reference Count: 1
         Modified Time: 1437668323
         Debug: Off
         Object Name: 
         Observers: 
           none
         Source: (none)
         Source output name: (none)
         Release Data: Off
         Data Released: False
         Global Release Data: Off
         PipelineMTime: 0
         UpdateMTime: 0
         RealTimeStamp: 0 seconds 
         LargestPossibleRegion: 
           Dimension: 3
           Index: [0, 0, 0]
           Size: [11, 19, 19]
         BufferedRegion: 
           Dimension: 3
           Index: [0, 0, 0]
           Size: [11, 19, 19]
         RequestedRegion: 
           Dimension: 3
           Index: [0, 0, 0]
           Size: [11, 19, 19]
         Spacing: [24.3001, 24.8193, 24.8193]
         Origin: [20.4957, 25.7652, -27.1767]
         Direction: 
-0.993743 0.0448834 0.102273
-0.0446476 -0.998992 0.00459499
0.102376 -2.62254e-09 0.994746

         IndexToPointMatrix: 
-24.148 1.11398 2.53835
-1.08494 -24.7943 0.114045
2.48775 -6.50897e-08 24.6889

         PointToIndexMatrix: 
-0.0408946 -0.00183734 0.004213
0.0018084 -0.0402506 -1.18715e-10
0.0041207 0.000185137 0.0400795

         Inverse Direction: 
-0.993743 -0.0446475 0.102376
0.0448834 -0.998992 -2.94644e-09
0.102273 0.00459499 0.994746

         PixelContainer: 
           ImportImageContainer (0x1755760)
             RTTI typeinfo:   itk::ImportImageContainer<unsigned long, itk::Vector<float, 1u> >
             Reference Count: 1
             Modified Time: 1437668324
             Debug: Off
             Object Name: 
             Observers: 
               none
             Pointer: 0x7720870
             Container manages memory: true
             Size: 3971
             Capacity: 3971
Elapsed time: 532.513
END   <<<<<<<<<<<<<<<<<<<<



--------------------------------------------------------------------------------------
 Done with N4 correction (pre brain extraction):  0h 9m 46s
--------------------------------------------------------------------------------------


--------------------------------------------------------------------------------------
 Brain extraction using the following steps:
   1) Register /projects/adapt_lab/shared/ADS/Scripts/rsfMRI/xcpEngine/space/MNI/MNI-1x1x1Head.nii.gz to ./struc/sub-ADS9312_N4Corrected0._ExtractedBrain0N4.nii.gz
   2) Warp /projects/adapt_lab/shared/ADS/Scripts/rsfMRI/xcpEngine/space/MNI/MNI-1x1x1BrainPrior.nii.gz to sub-ADS9312_desc-preproc_T1w.nii.gz using, from 1),
      ./struc/sub-ADS9312_BrainExtractionWarp/Affine
   3) Refine segmentation results using Atropos
--------------------------------------------------------------------------------------

BEGIN >>>>>>>>>>>>>>>>>>>>
/packages/ants/2.1.0/bin/ResampleImageBySpacing 3 /projects/adapt_lab/shared/ADS/Scripts/rsfMRI/xcpEngine/space/MNI/MNI-1x1x1Head.nii.gz ./struc/sub-ADS9312_BrainExtractionInitialAffineFixed._ExtractedBrain0N4.nii.gz 4 4 4 1
 spacing [1, 1, 1] dim 3
 spacing2 [4, 4, 4]
 smoothing by : 3 dir 0
 smoothing by : 3 dir 1
 smoothing by : 3 dir 2
 out space [4, 4, 4]
 output size [45, 54, 45] spc [4, 4, 4]
END   <<<<<<<<<<<<<<<<<<<<


BEGIN >>>>>>>>>>>>>>>>>>>>
/packages/ants/2.1.0/bin/ResampleImageBySpacing 3 ./struc/sub-ADS9312_N4Corrected0._ExtractedBrain0N4.nii.gz ./struc/sub-ADS9312_BrainExtractionInitialAffineMoving._ExtractedBrain0N4.nii.gz 4 4 4 1
 spacing [0.900003, 0.449219, 0.449219] dim 3
 spacing2 [4, 4, 4]
 smoothing by : 3.44443 dir 0
 smoothing by : 7.90435 dir 1
 smoothing by : 7.90435 dir 2
 out space [4, 4, 4]
 output size [39, 52, 57] spc [4, 4, 4]
END   <<<<<<<<<<<<<<<<<<<<


BEGIN >>>>>>>>>>>>>>>>>>>>
/packages/ants/2.1.0/bin/ImageMath 3 ./struc/sub-ADS9312_BrainExtractionLaplacian._ExtractedBrain0N4.nii.gz Laplacian ./struc/sub-ADS9312_N4Corrected0._ExtractedBrain0N4.nii.gz 1.5 1
END   <<<<<<<<<<<<<<<<<<<<


BEGIN >>>>>>>>>>>>>>>>>>>>
/packages/ants/2.1.0/bin/ImageMath 3 ./struc/sub-ADS9312_BrainExtractionTemplateLaplacian._ExtractedBrain0N4.nii.gz Laplacian /projects/adapt_lab/shared/ADS/Scripts/rsfMRI/xcpEngine/space/MNI/MNI-1x1x1Head.nii.gz 1.5 1
END   <<<<<<<<<<<<<<<<<<<<


BEGIN >>>>>>>>>>>>>>>>>>>>
/packages/ants/2.1.0/bin/antsAI -d 3 -v 1 -m Mattes[./struc/sub-ADS9312_BrainExtractionInitialAffineFixed._ExtractedBrain0N4.nii.gz,./struc/sub-ADS9312_BrainExtractionInitialAffineMoving._ExtractedBrain0N4.nii.gz,32,Regular,0.25] -t Affine[0.1] -s [15,0.1] -p 0 -c 10 -o ./struc/sub-ADS9312_BrainExtractionInitialAffine.mat -x /projects/adapt_lab/shared/ADS/Scripts/rsfMRI/xcpEngine/space/MNI/MNI-1x1x1MaskDilated.nii.gz
Using the Mattes MI metric (number of bins = 32)
END   <<<<<<<<<<<<<<<<<<<<


BEGIN >>>>>>>>>>>>>>>>>>>>
/packages/ants/2.1.0/bin/antsRegistration -d 3 -u 1 -w [0.025,0.975] -o ./struc/sub-ADS9312_BrainExtractionPrior -r ./struc/sub-ADS9312_BrainExtractionInitialAffine.mat -z 1 --float 0 --verbose 1 -x [/projects/adapt_lab/shared/ADS/Scripts/rsfMRI/xcpEngine/space/MNI/MNI-1x1x1MaskDilated.nii.gz] -m MI[/projects/adapt_lab/shared/ADS/Scripts/rsfMRI/xcpEngine/space/MNI/MNI-1x1x1Head.nii.gz,./struc/sub-ADS9312_N4Corrected0._ExtractedBrain0N4.nii.gz,1,32,Regular,0.25] -c [1000x500x250x100,1e-8,10] -t Rigid[0.1] -f 8x4x2x1 -s 4x2x1x0 -m MI[/projects/adapt_lab/shared/ADS/Scripts/rsfMRI/xcpEngine/space/MNI/MNI-1x1x1Head.nii.gz,./struc/sub-ADS9312_N4Corrected0._ExtractedBrain0N4.nii.gz,1,32,Regular,0.25] -c [1000x500x250x100,1e-8,10] -t Affine[0.1] -f 8x4x2x1 -s 4x2x1x0 -m CC[/projects/adapt_lab/shared/ADS/Scripts/rsfMRI/xcpEngine/space/MNI/MNI-1x1x1Head.nii.gz,./struc/sub-ADS9312_N4Corrected0._ExtractedBrain0N4.nii.gz,0.5,4] -m CC[./struc/sub-ADS9312_BrainExtractionTemplateLaplacian._ExtractedBrain0N4.nii.gz,./struc/sub-ADS9312_BrainExtractionLaplacian._ExtractedBrain0N4.nii.gz,0.5,4] -c [50x10x0,1e-9,15] -t SyN[0.1,3,0] -f 4x2x1 -s 2x1x0
All_Command_lines_OK
Using double precision for computations.
=============================================================================
The composite transform comprises the following transforms (in order): 
  1. ./struc/sub-ADS9312_BrainExtractionInitialAffine.mat (type = AffineTransform)
=============================================================================
  Reading mask(s).
    Registration stage 0
      Fixed mask = /projects/adapt_lab/shared/ADS/Scripts/rsfMRI/xcpEngine/space/MNI/MNI-1x1x1MaskDilated.nii.gz
  number of levels = 4
  number of levels = 4
  number of levels = 3
  fixed image: /projects/adapt_lab/shared/ADS/Scripts/rsfMRI/xcpEngine/space/MNI/MNI-1x1x1Head.nii.gz
  moving image: ./struc/sub-ADS9312_N4Corrected0._ExtractedBrain0N4.nii.gz
  fixed image: /projects/adapt_lab/shared/ADS/Scripts/rsfMRI/xcpEngine/space/MNI/MNI-1x1x1Head.nii.gz
  moving image: ./struc/sub-ADS9312_N4Corrected0._ExtractedBrain0N4.nii.gz
  fixed image: /projects/adapt_lab/shared/ADS/Scripts/rsfMRI/xcpEngine/space/MNI/MNI-1x1x1Head.nii.gz
  moving image: ./struc/sub-ADS9312_N4Corrected0._ExtractedBrain0N4.nii.gz
  fixed image: ./struc/sub-ADS9312_BrainExtractionTemplateLaplacian._ExtractedBrain0N4.nii.gz
  moving image: ./struc/sub-ADS9312_BrainExtractionLaplacian._ExtractedBrain0N4.nii.gz
Dimension = 3
Number of stages = 3
Use Histogram Matching true
Winsorize image intensities true
Lower quantile = 0.025
Upper quantile = 0.975
Stage 1 State
   Image metric = Mattes
     Fixed image = Image (0x35a44b0)
  RTTI typeinfo:   itk::Image<double, 3u>
  Reference Count: 2
  Modified Time: 1703
  Debug: Off
  Object Name: 
  Observers: 
    none
  Source: (none)
  Source output name: (none)
  Release Data: Off
  Data Released: False
  Global Release Data: Off
  PipelineMTime: 0
  UpdateMTime: 1525
  RealTimeStamp: 0 seconds 
  LargestPossibleRegion: 
    Dimension: 3
    Index: [0, 0, 0]
    Size: [182, 218, 182]
  BufferedRegion: 
    Dimension: 3
    Index: [0, 0, 0]
    Size: [182, 218, 182]
  RequestedRegion: 
    Dimension: 3
    Index: [0, 0, 0]
    Size: [182, 218, 182]
  Spacing: [1, 1, 1]
  Origin: [-90, 126, -72]
  Direction: 
1 0 0
0 -1 0
0 0 1

  IndexToPointMatrix: 
1 0 0
0 -1 0
0 0 1

  PointToIndexMatrix: 
1 0 0
0 -1 0
0 0 1

  Inverse Direction: 
1 0 0
0 -1 0
0 0 1

  PixelContainer: 
    ImportImageContainer (0x35a3d90)
      RTTI typeinfo:   itk::ImportImageContainer<unsigned long, double>
      Reference Count: 1
      Modified Time: 1522
      Debug: Off
      Object Name: 
      Observers: 
        none
      Pointer: 0x2aaaac3be010
      Container manages memory: true
      Size: 7221032
      Capacity: 7221032

     Moving image = Image (0x35b31d0)
  RTTI typeinfo:   itk::Image<double, 3u>
  Reference Count: 2
  Modified Time: 1704
  Debug: Off
  Object Name: 
  Observers: 
    none
  Source: (none)
  Source output name: (none)
  Release Data: Off
  Data Released: False
  Global Release Data: Off
  PipelineMTime: 0
  UpdateMTime: 1701
  RealTimeStamp: 0 seconds 
  LargestPossibleRegion: 
    Dimension: 3
    Index: [0, 0, 0]
    Size: [176, 464, 512]
  BufferedRegion: 
    Dimension: 3
    Index: [0, 0, 0]
    Size: [176, 464, 512]
  RequestedRegion: 
    Dimension: 3
    Index: [0, 0, 0]
    Size: [176, 464, 512]
  Spacing: [0.900003, 0.449219, 0.449219]
  Origin: [62.8258, 94.6325, -104.088]
  Direction: 
-0.993743 0.0448834 0.102273
-0.0446476 -0.998992 0.00459499
0.102376 -2.62254e-09 0.994746

  IndexToPointMatrix: 
-0.894372 0.0201625 0.045943
-0.0401829 -0.448766 0.00206416
0.092139 -1.17809e-09 0.446858

  PointToIndexMatrix: 
-1.10416 -0.0496082 0.113751
0.0999143 -2.22384 -6.55903e-09
0.227669 0.0102288 2.21439

  Inverse Direction: 
-0.993743 -0.0446475 0.102376
0.0448834 -0.998992 -2.94644e-09
0.102273 0.00459499 0.994746

  PixelContainer: 
    ImportImageContainer (0x35a9ae0)
      RTTI typeinfo:   itk::ImportImageContainer<unsigned long, double>
      Reference Count: 1
      Modified Time: 1698
      Debug: Off
      Object Name: 
      Observers: 
        none
      Pointer: 0x2aaaafad6010
      Container manages memory: true
      Size: 41811968
      Capacity: 41811968

     Weighting = 1
     Sampling strategy = regular
     Number of bins = 32
     Radius = 4
     Sampling percentage  = 0.25
   Transform = Rigid
     Gradient step = 0.1
     Update field sigma (voxel space) = 0
     Total field sigma (voxel space) = 0
     Update field time sigma = 0
     Total field time sigma  = 0
     Number of time indices = 0
     Number of time point samples = 0
Stage 2 State
   Image metric = Mattes
     Fixed image = Image (0x35b45e0)
  RTTI typeinfo:   itk::Image<double, 3u>
  Reference Count: 2
  Modified Time: 2055
  Debug: Off
  Object Name: 
  Observers: 
    none
  Source: (none)
  Source output name: (none)
  Release Data: Off
  Data Released: False
  Global Release Data: Off
  PipelineMTime: 0
  UpdateMTime: 1877
  RealTimeStamp: 0 seconds 
  LargestPossibleRegion: 
    Dimension: 3
    Index: [0, 0, 0]
    Size: [182, 218, 182]
  BufferedRegion: 
    Dimension: 3
    Index: [0, 0, 0]
    Size: [182, 218, 182]
  RequestedRegion: 
    Dimension: 3
    Index: [0, 0, 0]
    Size: [182, 218, 182]
  Spacing: [1, 1, 1]
  Origin: [-90, 126, -72]
  Direction: 
1 0 0
0 -1 0
0 0 1

  IndexToPointMatrix: 
1 0 0
0 -1 0
0 0 1

  PointToIndexMatrix: 
1 0 0
0 -1 0
0 0 1

  Inverse Direction: 
1 0 0
0 -1 0
0 0 1

  PixelContainer: 
    ImportImageContainer (0x35a4ec0)
      RTTI typeinfo:   itk::ImportImageContainer<unsigned long, double>
      Reference Count: 1
      Modified Time: 1874
      Debug: Off
      Object Name: 
      Observers: 
        none
      Pointer: 0x2aaac39d7010
      Container manages memory: true
      Size: 7221032
      Capacity: 7221032

     Moving image = Image (0x35b6ca0)
  RTTI typeinfo:   itk::Image<double, 3u>
  Reference Count: 2
  Modified Time: 2056
  Debug: Off
  Object Name: 
  Observers: 
    none
  Source: (none)
  Source output name: (none)
  Release Data: Off
  Data Released: False
  Global Release Data: Off
  PipelineMTime: 0
  UpdateMTime: 2053
  RealTimeStamp: 0 seconds 
  LargestPossibleRegion: 
    Dimension: 3
    Index: [0, 0, 0]
    Size: [176, 464, 512]
  BufferedRegion: 
    Dimension: 3
    Index: [0, 0, 0]
    Size: [176, 464, 512]
  RequestedRegion: 
    Dimension: 3
    Index: [0, 0, 0]
    Size: [176, 464, 512]
  Spacing: [0.900003, 0.449219, 0.449219]
  Origin: [62.8258, 94.6325, -104.088]
  Direction: 
-0.993743 0.0448834 0.102273
-0.0446476 -0.998992 0.00459499
0.102376 -2.62254e-09 0.994746

  IndexToPointMatrix: 
-0.894372 0.0201625 0.045943
-0.0401829 -0.448766 0.00206416
0.092139 -1.17809e-09 0.446858

  PointToIndexMatrix: 
-1.10416 -0.0496082 0.113751
0.0999143 -2.22384 -6.55903e-09
0.227669 0.0102288 2.21439

  Inverse Direction: 
-0.993743 -0.0446475 0.102376
0.0448834 -0.998992 -2.94644e-09
0.102273 0.00459499 0.994746

  PixelContainer: 
    ImportImageContainer (0x35b65f0)
      RTTI typeinfo:   itk::ImportImageContainer<unsigned long, double>
      Reference Count: 1
      Modified Time: 2050
      Debug: Off
      Object Name: 
      Observers: 
        none
      Pointer: 0x2aaac70ef010
      Container manages memory: true
      Size: 41811968
      Capacity: 41811968

     Weighting = 1
     Sampling strategy = regular
     Number of bins = 32
     Radius = 4
     Sampling percentage  = 0.25
   Transform = Affine
     Gradient step = 0.1
     Update field sigma (voxel space) = 0
     Total field sigma (voxel space) = 0
     Update field time sigma = 0
     Total field time sigma  = 0
     Number of time indices = 0
     Number of time point samples = 0
Stage 3 State
   Image metric = CC
     Fixed image = Image (0x35b28a0)
  RTTI typeinfo:   itk::Image<double, 3u>
  Reference Count: 2
  Modified Time: 2407
  Debug: Off
  Object Name: 
  Observers: 
    none
  Source: (none)
  Source output name: (none)
  Release Data: Off
  Data Released: False
  Global Release Data: Off
  PipelineMTime: 0
  UpdateMTime: 2229
  RealTimeStamp: 0 seconds 
  LargestPossibleRegion: 
    Dimension: 3
    Index: [0, 0, 0]
    Size: [182, 218, 182]
  BufferedRegion: 
    Dimension: 3
    Index: [0, 0, 0]
    Size: [182, 218, 182]
  RequestedRegion: 
    Dimension: 3
    Index: [0, 0, 0]
    Size: [182, 218, 182]
  Spacing: [1, 1, 1]
  Origin: [-90, 126, -72]
  Direction: 
1 0 0
0 -1 0
0 0 1

  IndexToPointMatrix: 
1 0 0
0 -1 0
0 0 1

  PointToIndexMatrix: 
1 0 0
0 -1 0
0 0 1

  Inverse Direction: 
1 0 0
0 -1 0
0 0 1

  PixelContainer: 
    ImportImageContainer (0x35b2b30)
      RTTI typeinfo:   itk::ImportImageContainer<unsigned long, double>
      Reference Count: 1
      Modified Time: 2226
      Debug: Off
      Object Name: 
      Observers: 
        none
      Pointer: 0x2aaadaff0010
      Container manages memory: true
      Size: 7221032
      Capacity: 7221032

     Moving image = Image (0x35b98f0)
  RTTI typeinfo:   itk::Image<double, 3u>
  Reference Count: 2
  Modified Time: 2408
  Debug: Off
  Object Name: 
  Observers: 
    none
  Source: (none)
  Source output name: (none)
  Release Data: Off
  Data Released: False
  Global Release Data: Off
  PipelineMTime: 0
  UpdateMTime: 2405
  RealTimeStamp: 0 seconds 
  LargestPossibleRegion: 
    Dimension: 3
    Index: [0, 0, 0]
    Size: [176, 464, 512]
  BufferedRegion: 
    Dimension: 3
    Index: [0, 0, 0]
    Size: [176, 464, 512]
  RequestedRegion: 
    Dimension: 3
    Index: [0, 0, 0]
    Size: [176, 464, 512]
  Spacing: [0.900003, 0.449219, 0.449219]
  Origin: [62.8258, 94.6325, -104.088]
  Direction: 
-0.993743 0.0448834 0.102273
-0.0446476 -0.998992 0.00459499
0.102376 -2.62254e-09 0.994746

  IndexToPointMatrix: 
-0.894372 0.0201625 0.045943
-0.0401829 -0.448766 0.00206416
0.092139 -1.17809e-09 0.446858

  PointToIndexMatrix: 
-1.10416 -0.0496082 0.113751
0.0999143 -2.22384 -6.55903e-09
0.227669 0.0102288 2.21439

  Inverse Direction: 
-0.993743 -0.0446475 0.102376
0.0448834 -0.998992 -2.94644e-09
0.102273 0.00459499 0.994746

  PixelContainer: 
    ImportImageContainer (0x35b9b80)
      RTTI typeinfo:   itk::ImportImageContainer<unsigned long, double>
      Reference Count: 1
      Modified Time: 2402
      Debug: Off
      Object Name: 
      Observers: 
        none
      Pointer: 0x2aaade708010
      Container manages memory: true
      Size: 41811968
      Capacity: 41811968

     Weighting = 0.5
     Sampling strategy = none
     Number of bins = 32
     Radius = 4
     Sampling percentage  = 1
   Transform = SyN
     Gradient step = 0.1
     Update field sigma (voxel space) = 3
     Total field sigma (voxel space) = 0
     Update field time sigma = 0
     Total field time sigma  = 0
     Number of time indices = 0
     Number of time point samples = 0
Registration using 3 total stages.

Stage 0
  iterations = 1000x500x250x100
  convergence threshold = 1e-08
  convergence window size = 10
  number of levels = 4
  using the Mattes MI metric (number of bins = 32, weight = 1)
  preprocessing:  winsorizing the image intensities
  preprocessing:  histogram matching the images
  Shrink factors (level 1 out of 4): [8, 8, 8]
  Shrink factors (level 2 out of 4): [4, 4, 4]
  Shrink factors (level 3 out of 4): [2, 2, 2]
  Shrink factors (level 4 out of 4): [1, 1, 1]
  smoothing sigmas per level: [4, 2, 1, 0]
  regular sampling (percentage = 0.25)

*** Running Euler3DTransform registration ***

DIAGNOSTIC,Iteration,metricValue,convergenceValue,ITERATION_TIME_INDEX,SINCE_LAST
 2DIAGNOSTIC,     1, -3.342947536407e-01, 1.797693134862e+308, 1.6183e+01, 1.6183e+01, 
 2DIAGNOSTIC,     2, -3.356375143601e-01, 1.797693134862e+308, 1.6191e+01, 7.7319e-03, 
 2DIAGNOSTIC,     3, -3.408436444342e-01, 1.797693134862e+308, 1.6201e+01, 9.6419e-03, 
 2DIAGNOSTIC,     4, -3.573934763257e-01, 1.797693134862e+308, 1.6209e+01, 7.7760e-03, 
 2DIAGNOSTIC,     5, -3.589023468206e-01, 1.797693134862e+308, 1.6218e+01, 9.1779e-03, 
 2DIAGNOSTIC,     6, -3.592029861141e-01, 1.797693134862e+308, 1.6229e+01, 1.0987e-02, 
 2DIAGNOSTIC,     7, -3.595171475965e-01, 1.797693134862e+308, 1.6237e+01, 8.0910e-03, 
 2DIAGNOSTIC,     8, -3.592118307860e-01, 1.797693134862e+308, 1.6248e+01, 1.0844e-02, 
 2DIAGNOSTIC,     9, -3.596905382910e-01, 1.797693134862e+308, 1.6257e+01, 9.3231e-03, 
 2DIAGNOSTIC,    10, -3.602841039576e-01, 4.916732681878e-03, 1.6269e+01, 1.2439e-02, 
 2DIAGNOSTIC,    11, -3.598214100937e-01, 3.146967083959e-03, 1.6279e+01, 9.3229e-03, 
 2DIAGNOSTIC,    12, -3.600081723163e-01, 1.504681187908e-03, 1.6288e+01, 9.1269e-03, 
 2DIAGNOSTIC,    13, -3.609667340050e-01, 3.363554303698e-04, 1.6299e+01, 1.0749e-02, 
 2DIAGNOSTIC,    14, -3.611655456490e-01, 2.615871369722e-04, 1.6314e+01, 1.5526e-02, 
 2DIAGNOSTIC,    15, -3.611800935148e-01, 2.539885844473e-04, 1.6324e+01, 9.4831e-03, 
 2DIAGNOSTIC,    16, -3.612304744360e-01, 2.426969587110e-04, 1.6333e+01, 9.1848e-03, 
 2DIAGNOSTIC,    17, -3.612761496113e-01, 2.285118400607e-04, 1.6342e+01, 9.3780e-03, 
 2DIAGNOSTIC,    18, -3.613325471679e-01, 1.825456331308e-04, 1.6352e+01, 9.3319e-03, 
 2DIAGNOSTIC,    19, -3.613791451523e-01, 1.456624628449e-04, 1.6363e+01, 1.1954e-02, 
 2DIAGNOSTIC,    20, -3.614280494865e-01, 1.259362799377e-04, 1.6377e+01, 1.3398e-02, 
 2DIAGNOSTIC,    21, -3.614377270891e-01, 7.968235784228e-05, 1.6386e+01, 8.9629e-03, 
 2DIAGNOSTIC,    22, -3.614948259795e-01, 3.830846074170e-05, 1.6396e+01, 1.0424e-02, 
 2DIAGNOSTIC,    23, -3.615189599069e-01, 3.087637882548e-05, 1.6405e+01, 8.9390e-03, 
 2DIAGNOSTIC,    24, -3.615377064781e-01, 2.851151057338e-05, 1.6414e+01, 8.7738e-03, 
 2DIAGNOSTIC,    25, -3.615684127296e-01, 2.521537387830e-05, 1.6423e+01, 8.8050e-03, 
 2DIAGNOSTIC,    26, -3.618451020330e-01, 2.989454638384e-05, 1.6432e+01, 8.9560e-03, 
 2DIAGNOSTIC,    27, -3.619047523056e-01, 3.436931051826e-05, 1.6447e+01, 1.5009e-02, 
 2DIAGNOSTIC,    28, -3.619674404093e-01, 3.879157488990e-05, 1.6456e+01, 9.0461e-03, 
 2DIAGNOSTIC,    29, -3.620151651763e-01, 4.200171996115e-05, 1.6465e+01, 8.8930e-03, 
 2DIAGNOSTIC,    30, -3.621889466964e-01, 4.700341510784e-05, 1.6475e+01, 1.0603e-02, 
