nts on sub-ADS124
The output directory "./struc" does not exist. Making it.
---------------------  Running antsBrainExtraction.sh on n139  ---------------------

--------------------------------------------------------------------------------------
 Bias correction of anatomical images (pre brain extraction)
   1) pre-process by truncating the image intensities
   2) run N4
--------------------------------------------------------------------------------------

BEGIN >>>>>>>>>>>>>>>>>>>>
/packages/ants/2.1.0/bin/ImageMath 3 ./struc/sub-ADS124_N4Truncated0._ExtractedBrain0N4.nii.gz TruncateImageIntensity sub-ADS124_desc-preproc_T1w.nii.gz 0.01 0.999 256
END   <<<<<<<<<<<<<<<<<<<<


BEGIN >>>>>>>>>>>>>>>>>>>>
/packages/ants/2.1.0/bin/N4BiasFieldCorrection -d 3 -i ./struc/sub-ADS124_N4Truncated0._ExtractedBrain0N4.nii.gz -s 4 -c [50x50x50x50,0.0000001] -b [200] -o ./struc/sub-ADS124_N4Corrected0._ExtractedBrain0N4.nii.gz --verbose 1

Running N4 for 3-dimensional images.

Mask not read.  Using the entire image as the mask.

Specified spline distance: 200mm
  original image size:  [176, 464, 512]
  padded image size:  [223, 891, 891]
  number of control points:  [4, 5, 5]

Current level = 1
  Iteration 1 (of 50).   Current convergence value = 0.000299892 (threshold = 1e-07)
  Iteration 2 (of 50).   Current convergence value = 0.000269629 (threshold = 1e-07)
  Iteration 3 (of 50).   Current convergence value = 0.000240608 (threshold = 1e-07)
  Iteration 4 (of 50).   Current convergence value = 0.000213069 (threshold = 1e-07)
  Iteration 5 (of 50).   Current convergence value = 0.000187872 (threshold = 1e-07)
  Iteration 6 (of 50).   Current convergence value = 0.000165003 (threshold = 1e-07)
  Iteration 7 (of 50).   Current convergence value = 0.000144603 (threshold = 1e-07)
  Iteration 8 (of 50).   Current convergence value = 0.000126263 (threshold = 1e-07)
  Iteration 9 (of 50).   Current convergence value = 0.000109923 (threshold = 1e-07)
  Iteration 10 (of 50).   Current convergence value = 9.53556e-05 (threshold = 1e-07)
  Iteration 11 (of 50).   Current convergence value = 8.23364e-05 (threshold = 1e-07)
  Iteration 12 (of 50).   Current convergence value = 7.08383e-05 (threshold = 1e-07)
  Iteration 13 (of 50).   Current convergence value = 6.07297e-05 (threshold = 1e-07)
  Iteration 14 (of 50).   Current convergence value = 5.18923e-05 (threshold = 1e-07)
  Iteration 15 (of 50).   Current convergence value = 4.42005e-05 (threshold = 1e-07)
  Iteration 16 (of 50).   Current convergence value = 3.76582e-05 (threshold = 1e-07)
  Iteration 17 (of 50).   Current convergence value = 3.2138e-05 (threshold = 1e-07)
  Iteration 18 (of 50).   Current convergence value = 2.7576e-05 (threshold = 1e-07)
  Iteration 19 (of 50).   Current convergence value = 2.39385e-05 (threshold = 1e-07)
  Iteration 20 (of 50).   Current convergence value = 2.1094e-05 (threshold = 1e-07)
  Iteration 21 (of 50).   Current convergence value = 1.91216e-05 (threshold = 1e-07)
  Iteration 22 (of 50).   Current convergence value = 1.75682e-05 (threshold = 1e-07)
  Iteration 23 (of 50).   Current convergence value = 1.6338e-05 (threshold = 1e-07)
  Iteration 24 (of 50).   Current convergence value = 1.53182e-05 (threshold = 1e-07)
  Iteration 25 (of 50).   Current convergence value = 1.44611e-05 (threshold = 1e-07)
  Iteration 26 (of 50).   Current convergence value = 1.37504e-05 (threshold = 1e-07)
  Iteration 27 (of 50).   Current convergence value = 1.31987e-05 (threshold = 1e-07)
  Iteration 28 (of 50).   Current convergence value = 1.2723e-05 (threshold = 1e-07)
  Iteration 29 (of 50).   Current convergence value = 1.23233e-05 (threshold = 1e-07)
  Iteration 30 (of 50).   Current convergence value = 1.20032e-05 (threshold = 1e-07)
  Iteration 31 (of 50).   Current convergence value = 1.17151e-05 (threshold = 1e-07)
  Iteration 32 (of 50).   Current convergence value = 1.14784e-05 (threshold = 1e-07)
  Iteration 33 (of 50).   Current convergence value = 1.12469e-05 (threshold = 1e-07)
  Iteration 34 (of 50).   Current convergence value = 1.10461e-05 (threshold = 1e-07)
  Iteration 35 (of 50).   Current convergence value = 1.08774e-05 (threshold = 1e-07)
  Iteration 36 (of 50).   Current convergence value = 1.07482e-05 (threshold = 1e-07)
  Iteration 37 (of 50).   Current convergence value = 1.05503e-05 (threshold = 1e-07)
  Iteration 38 (of 50).   Current convergence value = 1.03956e-05 (threshold = 1e-07)
  Iteration 39 (of 50).   Current convergence value = 1.03001e-05 (threshold = 1e-07)
  Iteration 40 (of 50).   Current convergence value = 1.01512e-05 (threshold = 1e-07)
  Iteration 41 (of 50).   Current convergence value = 1.00007e-05 (threshold = 1e-07)
  Iteration 42 (of 50).   Current convergence value = 9.87026e-06 (threshold = 1e-07)
  Iteration 43 (of 50).   Current convergence value = 9.74757e-06 (threshold = 1e-07)
  Iteration 44 (of 50).   Current convergence value = 9.63068e-06 (threshold = 1e-07)
  Iteration 45 (of 50).   Current convergence value = 9.45939e-06 (threshold = 1e-07)
  Iteration 46 (of 50).   Current convergence value = 9.37525e-06 (threshold = 1e-07)
  Iteration 47 (of 50).   Current convergence value = 9.26296e-06 (threshold = 1e-07)
  Iteration 48 (of 50).   Current convergence value = 9.15419e-06 (threshold = 1e-07)
  Iteration 49 (of 50).   Current convergence value = 9.10191e-06 (threshold = 1e-07)
  Iteration 50 (of 50).   Current convergence value = 8.9875e-06 (threshold = 1e-07)
Current level = 2
  Iteration 1 (of 50).   Current convergence value = 0.000235447 (threshold = 1e-07)
  Iteration 2 (of 50).   Current convergence value = 0.000242399 (threshold = 1e-07)
  Iteration 3 (of 50).   Current convergence value = 0.000246388 (threshold = 1e-07)
  Iteration 4 (of 50).   Current convergence value = 0.000248412 (threshold = 1e-07)
  Iteration 5 (of 50).   Current convergence value = 0.000248855 (threshold = 1e-07)
  Iteration 6 (of 50).   Current convergence value = 0.000248783 (threshold = 1e-07)
  Iteration 7 (of 50).   Current convergence value = 0.000248721 (threshold = 1e-07)
  Iteration 8 (of 50).   Current convergence value = 0.000248452 (threshold = 1e-07)
  Iteration 9 (of 50).   Current convergence value = 0.00024759 (threshold = 1e-07)
  Iteration 10 (of 50).   Current convergence value = 0.0002462 (threshold = 1e-07)
  Iteration 11 (of 50).   Current convergence value = 0.000244642 (threshold = 1e-07)
  Iteration 12 (of 50).   Current convergence value = 0.000242906 (threshold = 1e-07)
  Iteration 13 (of 50).   Current convergence value = 0.000240986 (threshold = 1e-07)
  Iteration 14 (of 50).   Current convergence value = 0.00023873 (threshold = 1e-07)
  Iteration 15 (of 50).   Current convergence value = 0.000236761 (threshold = 1e-07)
  Iteration 16 (of 50).   Current convergence value = 0.000235049 (threshold = 1e-07)
  Iteration 17 (of 50).   Current convergence value = 0.000234086 (threshold = 1e-07)
  Iteration 18 (of 50).   Current convergence value = 0.000233524 (threshold = 1e-07)
  Iteration 19 (of 50).   Current convergence value = 0.000232383 (threshold = 1e-07)
  Iteration 20 (of 50).   Current convergence value = 0.000231171 (threshold = 1e-07)
  Iteration 21 (of 50).   Current convergence value = 0.000229654 (threshold = 1e-07)
  Iteration 22 (of 50).   Current convergence value = 0.000228579 (threshold = 1e-07)
  Iteration 23 (of 50).   Current convergence value = 0.00022766 (threshold = 1e-07)
  Iteration 24 (of 50).   Current convergence value = 0.000226507 (threshold = 1e-07)
  Iteration 25 (of 50).   Current convergence value = 0.000225268 (threshold = 1e-07)
  Iteration 26 (of 50).   Current convergence value = 0.000224587 (threshold = 1e-07)
  Iteration 27 (of 50).   Current convergence value = 0.000223851 (threshold = 1e-07)
  Iteration 28 (of 50).   Current convergence value = 0.000223361 (threshold = 1e-07)
  Iteration 29 (of 50).   Current convergence value = 0.000223006 (threshold = 1e-07)
  Iteration 30 (of 50).   Current convergence value = 0.000222879 (threshold = 1e-07)
  Iteration 31 (of 50).   Current convergence value = 0.000222911 (threshold = 1e-07)
  Iteration 32 (of 50).   Current convergence value = 0.000222271 (threshold = 1e-07)
  Iteration 33 (of 50).   Current convergence value = 0.000219607 (threshold = 1e-07)
  Iteration 34 (of 50).   Current convergence value = 0.000217605 (threshold = 1e-07)
  Iteration 35 (of 50).   Current convergence value = 0.000213671 (threshold = 1e-07)
  Iteration 36 (of 50).   Current convergence value = 0.000209094 (threshold = 1e-07)
  Iteration 37 (of 50).   Current convergence value = 0.000205504 (threshold = 1e-07)
  Iteration 38 (of 50).   Current convergence value = 0.000202516 (threshold = 1e-07)
  Iteration 39 (of 50).   Current convergence value = 0.000200777 (threshold = 1e-07)
  Iteration 40 (of 50).   Current convergence value = 0.000199112 (threshold = 1e-07)
  Iteration 41 (of 50).   Current convergence value = 0.000197643 (threshold = 1e-07)
  Iteration 42 (of 50).   Current convergence value = 0.000196806 (threshold = 1e-07)
  Iteration 43 (of 50).   Current convergence value = 0.00019589 (threshold = 1e-07)
  Iteration 44 (of 50).   Current convergence value = 0.000195124 (threshold = 1e-07)
  Iteration 45 (of 50).   Current convergence value = 0.00019453 (threshold = 1e-07)
  Iteration 46 (of 50).   Current convergence value = 0.000194113 (threshold = 1e-07)
  Iteration 47 (of 50).   Current convergence value = 0.000193773 (threshold = 1e-07)
  Iteration 48 (of 50).   Current convergence value = 0.000193662 (threshold = 1e-07)
  Iteration 49 (of 50).   Current convergence value = 0.000193364 (threshold = 1e-07)
  Iteration 50 (of 50).   Current convergence value = 0.000193213 (threshold = 1e-07)
Current level = 3
  Iteration 1 (of 50).   Current convergence value = 0.000634344 (threshold = 1e-07)
  Iteration 2 (of 50).   Current convergence value = 0.000615243 (threshold = 1e-07)
  Iteration 3 (of 50).   Current convergence value = 0.000644 (threshold = 1e-07)
  Iteration 4 (of 50).   Current convergence value = 0.000680796 (threshold = 1e-07)
  Iteration 5 (of 50).   Current convergence value = 0.000713544 (threshold = 1e-07)
  Iteration 6 (of 50).   Current convergence value = 0.000740885 (threshold = 1e-07)
  Iteration 7 (of 50).   Current convergence value = 0.00076438 (threshold = 1e-07)
  Iteration 8 (of 50).   Current convergence value = 0.00078396 (threshold = 1e-07)
  Iteration 9 (of 50).   Current convergence value = 0.000799009 (threshold = 1e-07)
  Iteration 10 (of 50).   Current convergence value = 0.000813077 (threshold = 1e-07)
  Iteration 11 (of 50).   Current convergence value = 0.000825545 (threshold = 1e-07)
  Iteration 12 (of 50).   Current convergence value = 0.000836985 (threshold = 1e-07)
  Iteration 13 (of 50).   Current convergence value = 0.000846965 (threshold = 1e-07)
  Iteration 14 (of 50).   Current convergence value = 0.000839764 (threshold = 1e-07)
  Iteration 15 (of 50).   Current convergence value = 0.000837008 (threshold = 1e-07)
  Iteration 16 (of 50).   Current convergence value = 0.000837637 (threshold = 1e-07)
  Iteration 17 (of 50).   Current convergence value = 0.000839023 (threshold = 1e-07)
  Iteration 18 (of 50).   Current convergence value = 0.000839062 (threshold = 1e-07)
  Iteration 19 (of 50).   Current convergence value = 0.000837463 (threshold = 1e-07)
  Iteration 20 (of 50).   Current convergence value = 0.000837733 (threshold = 1e-07)
  Iteration 21 (of 50).   Current convergence value = 0.000839366 (threshold = 1e-07)
  Iteration 22 (of 50).   Current convergence value = 0.000842802 (threshold = 1e-07)
  Iteration 23 (of 50).   Current convergence value = 0.00084683 (threshold = 1e-07)
  Iteration 24 (of 50).   Current convergence value = 0.00084853 (threshold = 1e-07)
  Iteration 25 (of 50).   Current convergence value = 0.000850493 (threshold = 1e-07)
  Iteration 26 (of 50).   Current convergence value = 0.000849096 (threshold = 1e-07)
  Iteration 27 (of 50).   Current convergence value = 0.000847513 (threshold = 1e-07)
  Iteration 28 (of 50).   Current convergence value = 0.00084534 (threshold = 1e-07)
  Iteration 29 (of 50).   Current convergence value = 0.000845179 (threshold = 1e-07)
  Iteration 30 (of 50).   Current convergence value = 0.000832651 (threshold = 1e-07)
  Iteration 31 (of 50).   Current convergence value = 0.000822886 (threshold = 1e-07)
  Iteration 32 (of 50).   Current convergence value = 0.000815936 (threshold = 1e-07)
  Iteration 33 (of 50).   Current convergence value = 0.000810364 (threshold = 1e-07)
  Iteration 34 (of 50).   Current convergence value = 0.000805894 (threshold = 1e-07)
  Iteration 35 (of 50).   Current convergence value = 0.000802078 (threshold = 1e-07)
  Iteration 36 (of 50).   Current convergence value = 0.000798501 (threshold = 1e-07)
  Iteration 37 (of 50).   Current convergence value = 0.000795828 (threshold = 1e-07)
  Iteration 38 (of 50).   Current convergence value = 0.000794406 (threshold = 1e-07)
  Iteration 39 (of 50).   Current convergence value = 0.000793081 (threshold = 1e-07)
  Iteration 40 (of 50).   Current convergence value = 0.000792854 (threshold = 1e-07)
  Iteration 41 (of 50).   Current convergence value = 0.000792307 (threshold = 1e-07)
  Iteration 42 (of 50).   Current convergence value = 0.000793166 (threshold = 1e-07)
  Iteration 43 (of 50).   Current convergence value = 0.000793923 (threshold = 1e-07)
  Iteration 44 (of 50).   Current convergence value = 0.000793803 (threshold = 1e-07)
  Iteration 45 (of 50).   Current convergence value = 0.000792139 (threshold = 1e-07)
  Iteration 46 (of 50).   Current convergence value = 0.000789495 (threshold = 1e-07)
  Iteration 47 (of 50).   Current convergence value = 0.000787485 (threshold = 1e-07)
  Iteration 48 (of 50).   Current convergence value = 0.000786206 (threshold = 1e-07)
  Iteration 49 (of 50).   Current convergence value = 0.000785579 (threshold = 1e-07)
  Iteration 50 (of 50).   Current convergence value = 0.000786205 (threshold = 1e-07)
Current level = 4
  Iteration 1 (of 50).   Current convergence value = 0.00181426 (threshold = 1e-07)
  Iteration 2 (of 50).   Current convergence value = 0.00173626 (threshold = 1e-07)
  Iteration 3 (of 50).   Current convergence value = 0.001682 (threshold = 1e-07)
  Iteration 4 (of 50).   Current convergence value = 0.00170967 (threshold = 1e-07)
  Iteration 5 (of 50).   Current convergence value = 0.00175148 (threshold = 1e-07)
  Iteration 6 (of 50).   Current convergence value = 0.00180499 (threshold = 1e-07)
  Iteration 7 (of 50).   Current convergence value = 0.00192926 (threshold = 1e-07)
  Iteration 8 (of 50).   Current convergence value = 0.00204887 (threshold = 1e-07)
  Iteration 9 (of 50).   Current convergence value = 0.00209485 (threshold = 1e-07)
  Iteration 10 (of 50).   Current convergence value = 0.00212443 (threshold = 1e-07)
  Iteration 11 (of 50).   Current convergence value = 0.00215278 (threshold = 1e-07)
  Iteration 12 (of 50).   Current convergence value = 0.00217172 (threshold = 1e-07)
  Iteration 13 (of 50).   Current convergence value = 0.00218119 (threshold = 1e-07)
  Iteration 14 (of 50).   Current convergence value = 0.00217708 (threshold = 1e-07)
  Iteration 15 (of 50).   Current convergence value = 0.00215704 (threshold = 1e-07)
  Iteration 16 (of 50).   Current convergence value = 0.00213237 (threshold = 1e-07)
  Iteration 17 (of 50).   Current convergence value = 0.00210593 (threshold = 1e-07)
  Iteration 18 (of 50).   Current convergence value = 0.00208215 (threshold = 1e-07)
  Iteration 19 (of 50).   Current convergence value = 0.00206608 (threshold = 1e-07)
  Iteration 20 (of 50).   Current convergence value = 0.00205279 (threshold = 1e-07)
  Iteration 21 (of 50).   Current convergence value = 0.00205667 (threshold = 1e-07)
  Iteration 22 (of 50).   Current convergence value = 0.002072 (threshold = 1e-07)
  Iteration 23 (of 50).   Current convergence value = 0.00205136 (threshold = 1e-07)
  Iteration 24 (of 50).   Current convergence value = 0.00202444 (threshold = 1e-07)
  Iteration 25 (of 50).   Current convergence value = 0.00200825 (threshold = 1e-07)
  Iteration 26 (of 50).   Current convergence value = 0.0020026 (threshold = 1e-07)
  Iteration 27 (of 50).   Current convergence value = 0.00199339 (threshold = 1e-07)
  Iteration 28 (of 50).   Current convergence value = 0.00198846 (threshold = 1e-07)
  Iteration 29 (of 50).   Current convergence value = 0.00198174 (threshold = 1e-07)
  Iteration 30 (of 50).   Current convergence value = 0.00198162 (threshold = 1e-07)
  Iteration 31 (of 50).   Current convergence value = 0.00199496 (threshold = 1e-07)
  Iteration 32 (of 50).   Current convergence value = 0.00199642 (threshold = 1e-07)
  Iteration 33 (of 50).   Current convergence value = 0.00196552 (threshold = 1e-07)
  Iteration 34 (of 50).   Current convergence value = 0.00194517 (threshold = 1e-07)
  Iteration 35 (of 50).   Current convergence value = 0.0019328 (threshold = 1e-07)
  Iteration 36 (of 50).   Current convergence value = 0.00198042 (threshold = 1e-07)
  Iteration 37 (of 50).   Current convergence value = 0.00200643 (threshold = 1e-07)
  Iteration 38 (of 50).   Current convergence value = 0.00202007 (threshold = 1e-07)
  Iteration 39 (of 50).   Current convergence value = 0.00203469 (threshold = 1e-07)
  Iteration 40 (of 50).   Current convergence value = 0.00205256 (threshold = 1e-07)
  Iteration 41 (of 50).   Current convergence value = 0.00207707 (threshold = 1e-07)
  Iteration 42 (of 50).   Current convergence value = 0.00210655 (threshold = 1e-07)
  Iteration 43 (of 50).   Current convergence value = 0.00208589 (threshold = 1e-07)
  Iteration 44 (of 50).   Current convergence value = 0.00206777 (threshold = 1e-07)
  Iteration 45 (of 50).   Current convergence value = 0.00205465 (threshold = 1e-07)
  Iteration 46 (of 50).   Current convergence value = 0.00204485 (threshold = 1e-07)
  Iteration 47 (of 50).   Current convergence value = 0.00203157 (threshold = 1e-07)
  Iteration 48 (of 50).   Current convergence value = 0.00202503 (threshold = 1e-07)
  Iteration 49 (of 50).   Current convergence value = 0.00201998 (threshold = 1e-07)
  Iteration 50 (of 50).   Current convergence value = 0.00202041 (threshold = 1e-07)
   N4BiasFieldCorrectionImageFilter (0x174c2a0)
     RTTI typeinfo:   itk::N4BiasFieldCorrectionImageFilter<itk::Image<float, 3u>, itk::Image<float, 3u>, itk::Image<float, 3u> >
     Reference Count: 1
     Modified Time: 464
     Debug: Off
     Object Name: 
     Observers: 
       IterationEvent(Command)
     Inputs: 
       Primary: (0x1755d20) *
       _1: (0x175a650)
     Indexed Inputs: 
       0: Primary (0x1755d20)
       1: _1 (0x175a650)
     Required Input Names: Primary
     NumberOfRequiredInputs: 1
     Outputs: 
       Primary: (0x17506e0)
     Indexed Outputs: 
       0: Primary (0x17506e0)
     NumberOfRequiredOutputs: 1
     Number Of Threads: 28
     ReleaseDataFlag: Off
     ReleaseDataBeforeUpdateFlag: Off
     AbortGenerateData: Off
     Progress: 0
     Multithreader: 
       RTTI typeinfo:   itk::MultiThreader
       Reference Count: 1
       Modified Time: 134
       Debug: Off
       Object Name: 
       Observers: 
         none
       Thread Count: 28
       Global Maximum Number Of Threads: 128
       Global Default Number Of Threads: 28
     CoordinateTolerance: 1e-06
     DirectionTolerance: 1e-06
     Mask label: 1
     Number of histogram bins: 200
     Wiener filter noise: 0.01
     Bias field FWHM: 0.15
     Maximum number of iterations: [50, 50, 50, 50]
     Convergence threshold: 1e-07
     Spline order: 3
     Number of fitting levels: [4, 4, 4]
     Number of control points: [4, 5, 5]
     CurrentConvergenceMeasurement: 0.00202041
     CurrentLevel: 4
     ElapsedIterations: 51
     LogBiasFieldControlPointLattice: 
       Image (0x1758b50)
         RTTI typeinfo:   itk::Image<itk::Vector<float, 1u>, 3u>
         Reference Count: 1
         Modified Time: 1437668323
         Debug: Off
         Object Name: 
         Observers: 
           none
         Source: (none)
         Source output name: (none)
         Release Data: Off
         Data Released: False
         Global Release Data: Off
         PipelineMTime: 0
         UpdateMTime: 0
         RealTimeStamp: 0 seconds 
         LargestPossibleRegion: 
           Dimension: 3
           Index: [0, 0, 0]
           Size: [11, 19, 19]
         BufferedRegion: 
           Dimension: 3
           Index: [0, 0, 0]
           Size: [11, 19, 19]
         RequestedRegion: 
           Dimension: 3
           Index: [0, 0, 0]
           Size: [11, 19, 19]
         Spacing: [24.3001, 24.8193, 24.8193]
         Origin: [23.6886, 25.9031, -24.2977]
         Direction: 
-0.998777 0.0446576 -0.0212157
-0.0446476 -0.999002 -0.000948414
-0.0212369 -2.34423e-08 0.999774

         IndexToPointMatrix: 
-24.2704 1.10837 -0.52656
-1.08494 -24.7946 -0.023539
-0.516059 -5.81823e-07 24.8137

         PointToIndexMatrix: 
-0.0411018 -0.00183734 -0.000873944
0.00179931 -0.040251 -9.42394e-10
-0.000854806 -3.82127e-05 0.0402821

         Inverse Direction: 
-0.998777 -0.0446476 -0.0212369
0.0446576 -0.999002 -2.33896e-08
-0.0212157 -0.000948414 0.999774

         PixelContainer: 
           ImportImageContainer (0x1755760)
             RTTI typeinfo:   itk::ImportImageContainer<unsigned long, itk::Vector<float, 1u> >
             Reference Count: 1
             Modified Time: 1437668324
             Debug: Off
             Object Name: 
             Observers: 
               none
             Pointer: 0x7720870
             Container manages memory: true
             Size: 3971
             Capacity: 3971
Elapsed time: 532.202
END   <<<<<<<<<<<<<<<<<<<<



--------------------------------------------------------------------------------------
 Done with N4 correction (pre brain extraction):  0h 9m 49s
--------------------------------------------------------------------------------------


--------------------------------------------------------------------------------------
 Brain extraction using the following steps:
   1) Register /projects/adapt_lab/shared/ADS/Scripts/rsfMRI/xcpEngine/space/MNI/MNI-1x1x1Head.nii.gz to ./struc/sub-ADS124_N4Corrected0._ExtractedBrain0N4.nii.gz
   2) Warp /projects/adapt_lab/shared/ADS/Scripts/rsfMRI/xcpEngine/space/MNI/MNI-1x1x1BrainPrior.nii.gz to sub-ADS124_desc-preproc_T1w.nii.gz using, from 1),
      ./struc/sub-ADS124_BrainExtractionWarp/Affine
   3) Refine segmentation results using Atropos
--------------------------------------------------------------------------------------

BEGIN >>>>>>>>>>>>>>>>>>>>
/packages/ants/2.1.0/bin/ResampleImageBySpacing 3 /projects/adapt_lab/shared/ADS/Scripts/rsfMRI/xcpEngine/space/MNI/MNI-1x1x1Head.nii.gz ./struc/sub-ADS124_BrainExtractionInitialAffineFixed._ExtractedBrain0N4.nii.gz 4 4 4 1
 spacing [1, 1, 1] dim 3
 spacing2 [4, 4, 4]
 smoothing by : 3 dir 0
 smoothing by : 3 dir 1
 smoothing by : 3 dir 2
 out space [4, 4, 4]
 output size [45, 54, 45] spc [4, 4, 4]
END   <<<<<<<<<<<<<<<<<<<<


BEGIN >>>>>>>>>>>>>>>>>>>>
/packages/ants/2.1.0/bin/ResampleImageBySpacing 3 ./struc/sub-ADS124_N4Corrected0._ExtractedBrain0N4.nii.gz ./struc/sub-ADS124_BrainExtractionInitialAffineMoving._ExtractedBrain0N4.nii.gz 4 4 4 1
 spacing [0.900004, 0.449219, 0.449219] dim 3
 spacing2 [4, 4, 4]
 smoothing by : 3.44443 dir 0
 smoothing by : 7.90435 dir 1
 smoothing by : 7.90435 dir 2
 out space [4, 4, 4]
 output size [39, 52, 57] spc [4, 4, 4]
END   <<<<<<<<<<<<<<<<<<<<


BEGIN >>>>>>>>>>>>>>>>>>>>
/packages/ants/2.1.0/bin/ImageMath 3 ./struc/sub-ADS124_BrainExtractionLaplacian._ExtractedBrain0N4.nii.gz Laplacian ./struc/sub-ADS124_N4Corrected0._ExtractedBrain0N4.nii.gz 1.5 1
END   <<<<<<<<<<<<<<<<<<<<


BEGIN >>>>>>>>>>>>>>>>>>>>
/packages/ants/2.1.0/bin/ImageMath 3 ./struc/sub-ADS124_BrainExtractionTemplateLaplacian._ExtractedBrain0N4.nii.gz Laplacian /projects/adapt_lab/shared/ADS/Scripts/rsfMRI/xcpEngine/space/MNI/MNI-1x1x1Head.nii.gz 1.5 1
END   <<<<<<<<<<<<<<<<<<<<


BEGIN >>>>>>>>>>>>>>>>>>>>
/packages/ants/2.1.0/bin/antsAI -d 3 -v 1 -m Mattes[./struc/sub-ADS124_BrainExtractionInitialAffineFixed._ExtractedBrain0N4.nii.gz,./struc/sub-ADS124_BrainExtractionInitialAffineMoving._ExtractedBrain0N4.nii.gz,32,Regular,0.25] -t Affine[0.1] -s [15,0.1] -p 0 -c 10 -o ./struc/sub-ADS124_BrainExtractionInitialAffine.mat -x /projects/adapt_lab/shared/ADS/Scripts/rsfMRI/xcpEngine/space/MNI/MNI-1x1x1MaskDilated.nii.gz
Using the Mattes MI metric (number of bins = 32)
END   <<<<<<<<<<<<<<<<<<<<


BEGIN >>>>>>>>>>>>>>>>>>>>
/packages/ants/2.1.0/bin/antsRegistration -d 3 -u 1 -w [0.025,0.975] -o ./struc/sub-ADS124_BrainExtractionPrior -r ./struc/sub-ADS124_BrainExtractionInitialAffine.mat -z 1 --float 0 --verbose 1 -x [/projects/adapt_lab/shared/ADS/Scripts/rsfMRI/xcpEngine/space/MNI/MNI-1x1x1MaskDilated.nii.gz] -m MI[/projects/adapt_lab/shared/ADS/Scripts/rsfMRI/xcpEngine/space/MNI/MNI-1x1x1Head.nii.gz,./struc/sub-ADS124_N4Corrected0._ExtractedBrain0N4.nii.gz,1,32,Regular,0.25] -c [1000x500x250x100,1e-8,10] -t Rigid[0.1] -f 8x4x2x1 -s 4x2x1x0 -m MI[/projects/adapt_lab/shared/ADS/Scripts/rsfMRI/xcpEngine/space/MNI/MNI-1x1x1Head.nii.gz,./struc/sub-ADS124_N4Corrected0._ExtractedBrain0N4.nii.gz,1,32,Regular,0.25] -c [1000x500x250x100,1e-8,10] -t Affine[0.1] -f 8x4x2x1 -s 4x2x1x0 -m CC[/projects/adapt_lab/shared/ADS/Scripts/rsfMRI/xcpEngine/space/MNI/MNI-1x1x1Head.nii.gz,./struc/sub-ADS124_N4Corrected0._ExtractedBrain0N4.nii.gz,0.5,4] -m CC[./struc/sub-ADS124_BrainExtractionTemplateLaplacian._ExtractedBrain0N4.nii.gz,./struc/sub-ADS124_BrainExtractionLaplacian._ExtractedBrain0N4.nii.gz,0.5,4] -c [50x10x0,1e-9,15] -t SyN[0.1,3,0] -f 4x2x1 -s 2x1x0
All_Command_lines_OK
Using double precision for computations.
=============================================================================
The composite transform comprises the following transforms (in order): 
  1. ./struc/sub-ADS124_BrainExtractionInitialAffine.mat (type = AffineTransform)
=============================================================================
  Reading mask(s).
    Registration stage 0
      Fixed mask = /projects/adapt_lab/shared/ADS/Scripts/rsfMRI/xcpEngine/space/MNI/MNI-1x1x1MaskDilated.nii.gz
  number of levels = 4
  number of levels = 4
  number of levels = 3
  fixed image: /projects/adapt_lab/shared/ADS/Scripts/rsfMRI/xcpEngine/space/MNI/MNI-1x1x1Head.nii.gz
  moving image: ./struc/sub-ADS124_N4Corrected0._ExtractedBrain0N4.nii.gz
  fixed image: /projects/adapt_lab/shared/ADS/Scripts/rsfMRI/xcpEngine/space/MNI/MNI-1x1x1Head.nii.gz
  moving image: ./struc/sub-ADS124_N4Corrected0._ExtractedBrain0N4.nii.gz
  fixed image: /projects/adapt_lab/shared/ADS/Scripts/rsfMRI/xcpEngine/space/MNI/MNI-1x1x1Head.nii.gz
  moving image: ./struc/sub-ADS124_N4Corrected0._ExtractedBrain0N4.nii.gz
  fixed image: ./struc/sub-ADS124_BrainExtractionTemplateLaplacian._ExtractedBrain0N4.nii.gz
  moving image: ./struc/sub-ADS124_BrainExtractionLaplacian._ExtractedBrain0N4.nii.gz
Dimension = 3
Number of stages = 3
Use Histogram Matching true
Winsorize image intensities true
Lower quantile = 0.025
Upper quantile = 0.975
Stage 1 State
   Image metric = Mattes
     Fixed image = Image (0x35a44b0)
  RTTI typeinfo:   itk::Image<double, 3u>
  Reference Count: 2
  Modified Time: 1703
  Debug: Off
  Object Name: 
  Observers: 
    none
  Source: (none)
  Source output name: (none)
  Release Data: Off
  Data Released: False
  Global Release Data: Off
  PipelineMTime: 0
  UpdateMTime: 1525
  RealTimeStamp: 0 seconds 
  LargestPossibleRegion: 
    Dimension: 3
    Index: [0, 0, 0]
    Size: [182, 218, 182]
  BufferedRegion: 
    Dimension: 3
    Index: [0, 0, 0]
    Size: [182, 218, 182]
  RequestedRegion: 
    Dimension: 3
    Index: [0, 0, 0]
    Size: [182, 218, 182]
  Spacing: [1, 1, 1]
  Origin: [-90, 126, -72]
  Direction: 
1 0 0
0 -1 0
0 0 1

  IndexToPointMatrix: 
1 0 0
0 -1 0
0 0 1

  PointToIndexMatrix: 
1 0 0
0 -1 0
0 0 1

  Inverse Direction: 
1 0 0
0 -1 0
0 0 1

  PixelContainer: 
    ImportImageContainer (0x35a3d90)
      RTTI typeinfo:   itk::ImportImageContainer<unsigned long, double>
      Reference Count: 1
      Modified Time: 1522
      Debug: Off
      Object Name: 
      Observers: 
        none
      Pointer: 0x2aaaac3be010
      Container manages memory: true
      Size: 7221032
      Capacity: 7221032

     Moving image = Image (0x35b31d0)
  RTTI typeinfo:   itk::Image<double, 3u>
  Reference Count: 2
  Modified Time: 1704
  Debug: Off
  Object Name: 
  Observers: 
    none
  Source: (none)
  Source output name: (none)
  Release Data: Off
  Data Released: False
  Global Release Data: Off
  PipelineMTime: 0
  UpdateMTime: 1701
  RealTimeStamp: 0 seconds 
  LargestPossibleRegion: 
    Dimension: 3
    Index: [0, 0, 0]
    Size: [176, 464, 512]
  BufferedRegion: 
    Dimension: 3
    Index: [0, 0, 0]
    Size: [176, 464, 512]
  RequestedRegion: 
    Dimension: 3
    Index: [0, 0, 0]
    Size: [176, 464, 512]
  Spacing: [0.900004, 0.449219, 0.449219]
  Origin: [74.9723, 87.5688, -102.277]
  Direction: 
-0.998777 0.0446576 -0.0212157
-0.0446476 -0.999002 -0.000948414
-0.0212369 -2.35005e-08 0.999774

  IndexToPointMatrix: 
-0.898903 0.020061 -0.0095305
-0.040183 -0.448771 -0.000426045
-0.0191133 -1.05569e-08 0.449117

  PointToIndexMatrix: 
-1.10975 -0.0496082 -0.0235965
0.0994118 -2.22387 -5.22113e-08
-0.0472281 -0.00211125 2.22558

  Inverse Direction: 
-0.998777 -0.0446476 -0.0212369
0.0446576 -0.999002 -2.34543e-08
-0.0212157 -0.000948414 0.999774

  PixelContainer: 
    ImportImageContainer (0x35a9ae0)
      RTTI typeinfo:   itk::ImportImageContainer<unsigned long, double>
      Reference Count: 1
      Modified Time: 1698
      Debug: Off
      Object Name: 
      Observers: 
        none
      Pointer: 0x2aaaafad6010
      Container manages memory: true
      Size: 41811968
      Capacity: 41811968

     Weighting = 1
     Sampling strategy = regular
     Number of bins = 32
     Radius = 4
     Sampling percentage  = 0.25
   Transform = Rigid
     Gradient step = 0.1
     Update field sigma (voxel space) = 0
     Total field sigma (voxel space) = 0
     Update field time sigma = 0
     Total field time sigma  = 0
     Number of time indices = 0
     Number of time point samples = 0
Stage 2 State
   Image metric = Mattes
     Fixed image = Image (0x35b45e0)
  RTTI typeinfo:   itk::Image<double, 3u>
  Reference Count: 2
  Modified Time: 2055
  Debug: Off
  Object Name: 
  Observers: 
    none
  Source: (none)
  Source output name: (none)
  Release Data: Off
  Data Released: False
  Global Release Data: Off
  PipelineMTime: 0
  UpdateMTime: 1877
  RealTimeStamp: 0 seconds 
  LargestPossibleRegion: 
    Dimension: 3
    Index: [0, 0, 0]
    Size: [182, 218, 182]
  BufferedRegion: 
    Dimension: 3
    Index: [0, 0, 0]
    Size: [182, 218, 182]
  RequestedRegion: 
    Dimension: 3
    Index: [0, 0, 0]
    Size: [182, 218, 182]
  Spacing: [1, 1, 1]
  Origin: [-90, 126, -72]
  Direction: 
1 0 0
0 -1 0
0 0 1

  IndexToPointMatrix: 
1 0 0
0 -1 0
0 0 1

  PointToIndexMatrix: 
1 0 0
0 -1 0
0 0 1

  Inverse Direction: 
1 0 0
0 -1 0
0 0 1

  PixelContainer: 
    ImportImageContainer (0x35a4ec0)
      RTTI typeinfo:   itk::ImportImageContainer<unsigned long, double>
      Reference Count: 1
      Modified Time: 1874
      Debug: Off
      Object Name: 
      Observers: 
        none
      Pointer: 0x2aaac39d7010
      Container manages memory: true
      Size: 7221032
      Capacity: 7221032

     Moving image = Image (0x35b6ca0)
  RTTI typeinfo:   itk::Image<double, 3u>
  Reference Count: 2
  Modified Time: 2056
  Debug: Off
  Object Name: 
  Observers: 
    none
  Source: (none)
  Source output name: (none)
  Release Data: Off
  Data Released: False
  Global Release Data: Off
  PipelineMTime: 0
  UpdateMTime: 2053
  RealTimeStamp: 0 seconds 
  LargestPossibleRegion: 
    Dimension: 3
    Index: [0, 0, 0]
    Size: [176, 464, 512]
  BufferedRegion: 
    Dimension: 3
    Index: [0, 0, 0]
    Size: [176, 464, 512]
  RequestedRegion: 
    Dimension: 3
    Index: [0, 0, 0]
    Size: [176, 464, 512]
  Spacing: [0.900004, 0.449219, 0.449219]
  Origin: [74.9723, 87.5688, -102.277]
  Direction: 
-0.998777 0.0446576 -0.0212157
-0.0446476 -0.999002 -0.000948414
-0.0212369 -2.35005e-08 0.999774

  IndexToPointMatrix: 
-0.898903 0.020061 -0.0095305
-0.040183 -0.448771 -0.000426045
-0.0191133 -1.05569e-08 0.449117

  PointToIndexMatrix: 
-1.10975 -0.0496082 -0.0235965
0.0994118 -2.22387 -5.22113e-08
-0.0472281 -0.00211125 2.22558

  Inverse Direction: 
-0.998777 -0.0446476 -0.0212369
0.0446576 -0.999002 -2.34543e-08
-0.0212157 -0.000948414 0.999774

  PixelContainer: 
    ImportImageContainer (0x35b65f0)
      RTTI typeinfo:   itk::ImportImageContainer<unsigned long, double>
      Reference Count: 1
      Modified Time: 2050
      Debug: Off
      Object Name: 
      Observers: 
        none
      Pointer: 0x2aaac70ef010
      Container manages memory: true
      Size: 41811968
      Capacity: 41811968

     Weighting = 1
     Sampling strategy = regular
     Number of bins = 32
     Radius = 4
     Sampling percentage  = 0.25
   Transform = Affine
     Gradient step = 0.1
     Update field sigma (voxel space) = 0
     Total field sigma (voxel space) = 0
     Update field time sigma = 0
     Total field time sigma  = 0
     Number of time indices = 0
     Number of time point samples = 0
Stage 3 State
   Image metric = CC
     Fixed image = Image (0x35b28a0)
  RTTI typeinfo:   itk::Image<double, 3u>
  Reference Count: 2
  Modified Time: 2407
  Debug: Off
  Object Name: 
  Observers: 
    none
  Source: (none)
  Source output name: (none)
  Release Data: Off
  Data Released: False
  Global Release Data: Off
  PipelineMTime: 0
  UpdateMTime: 2229
  RealTimeStamp: 0 seconds 
  LargestPossibleRegion: 
    Dimension: 3
    Index: [0, 0, 0]
    Size: [182, 218, 182]
  BufferedRegion: 
    Dimension: 3
    Index: [0, 0, 0]
    Size: [182, 218, 182]
  RequestedRegion: 
    Dimension: 3
    Index: [0, 0, 0]
    Size: [182, 218, 182]
  Spacing: [1, 1, 1]
  Origin: [-90, 126, -72]
  Direction: 
1 0 0
0 -1 0
0 0 1

  IndexToPointMatrix: 
1 0 0
0 -1 0
0 0 1

  PointToIndexMatrix: 
1 0 0
0 -1 0
0 0 1

  Inverse Direction: 
1 0 0
0 -1 0
0 0 1

  PixelContainer: 
    ImportImageContainer (0x35b2b30)
      RTTI typeinfo:   itk::ImportImageContainer<unsigned long, double>
      Reference Count: 1
      Modified Time: 2226
      Debug: Off
      Object Name: 
      Observers: 
        none
      Pointer: 0x2aaadaff0010
      Container manages memory: true
      Size: 7221032
      Capacity: 7221032

     Moving image = Image (0x35b98f0)
  RTTI typeinfo:   itk::Image<double, 3u>
  Reference Count: 2
  Modified Time: 2408
  Debug: Off
  Object Name: 
  Observers: 
    none
  Source: (none)
  Source output name: (none)
  Release Data: Off
  Data Released: False
  Global Release Data: Off
  PipelineMTime: 0
  UpdateMTime: 2405
  RealTimeStamp: 0 seconds 
  LargestPossibleRegion: 
    Dimension: 3
    Index: [0, 0, 0]
    Size: [176, 464, 512]
  BufferedRegion: 
    Dimension: 3
    Index: [0, 0, 0]
    Size: [176, 464, 512]
  RequestedRegion: 
    Dimension: 3
    Index: [0, 0, 0]
    Size: [176, 464, 512]
  Spacing: [0.900004, 0.449219, 0.449219]
  Origin: [74.9723, 87.5688, -102.277]
  Direction: 
-0.998777 0.0446576 -0.0212157
-0.0446476 -0.999002 -0.000948414
-0.0212369 -2.35005e-08 0.999774

  IndexToPointMatrix: 
-0.898903 0.020061 -0.0095305
-0.040183 -0.448771 -0.000426045
-0.0191133 -1.05569e-08 0.449117

  PointToIndexMatrix: 
-1.10975 -0.0496082 -0.0235965
0.0994118 -2.22387 -5.22113e-08
-0.0472281 -0.00211125 2.22558

  Inverse Direction: 
-0.998777 -0.0446476 -0.0212369
0.0446576 -0.999002 -2.34543e-08
-0.0212157 -0.000948414 0.999774

  PixelContainer: 
    ImportImageContainer (0x35b9b80)
      RTTI typeinfo:   itk::ImportImageContainer<unsigned long, double>
      Reference Count: 1
      Modified Time: 2402
      Debug: Off
      Object Name: 
      Observers: 
        none
      Pointer: 0x2aaade708010
      Container manages memory: true
      Size: 41811968
      Capacity: 41811968

     Weighting = 0.5
     Sampling strategy = none
     Number of bins = 32
     Radius = 4
     Sampling percentage  = 1
   Transform = SyN
     Gradient step = 0.1
     Update field sigma (voxel space) = 3
     Total field sigma (voxel space) = 0
     Update field time sigma = 0
     Total field time sigma  = 0
     Number of time indices = 0
     Number of time point samples = 0
Registration using 3 total stages.

Stage 0
  iterations = 1000x500x250x100
  convergence threshold = 1e-08
  convergence window size = 10
  number of levels = 4
  using the Mattes MI metric (number of bins = 32, weight = 1)
  preprocessing:  winsorizing the image intensities
  preprocessing:  histogram matching the images
  Shrink factors (level 1 out of 4): [8, 8, 8]
  Shrink factors (level 2 out of 4): [4, 4, 4]
  Shrink factors (level 3 out of 4): [2, 2, 2]
  Shrink factors (level 4 out of 4): [1, 1, 1]
  smoothing sigmas per level: [4, 2, 1, 0]
  regular sampling (percentage = 0.25)

*** Running Euler3DTransform registration ***

DIAGNOSTIC,Iteration,metricValue,convergenceValue,ITERATION_TIME_INDEX,SINCE_LAST
 2DIAGNOSTIC,     1, -4.614529467266e-01, 1.797693134862e+308, 1.6098e+01, 1.6098e+01, 
 2DIAGNOSTIC,     2, -4.649591797254e-01, 1.797693134862e+308, 1.6105e+01, 7.1051e-03, 
 2DIAGNOSTIC,     3, -4.678715474863e-01, 1.797693134862e+308, 1.6112e+01, 7.0670e-03, 
 2DIAGNOSTIC,     4, -4.709314973438e-01, 1.797693134862e+308, 1.6119e+01, 7.0310e-03, 
 2DIAGNOSTIC,     5, -4.957924889633e-01, 1.797693134862e+308, 1.6128e+01, 8.7018e-03, 
 2DIAGNOSTIC,     6, -5.051307149813e-01, 1.797693134862e+308, 1.6136e+01, 8.5649e-03, 
 2DIAGNOSTIC,     7, -5.222170667507e-01, 1.797693134862e+308, 1.6145e+01, 8.3990e-03, 
 2DIAGNOSTIC,     8, -5.238284721421e-01, 1.797693134862e+308, 1.6155e+01, 9.8600e-03, 
 2DIAGNOSTIC,     9, -5.246781799432e-01, 1.797693134862e+308, 1.6163e+01, 8.2388e-03, 
 2DIAGNOSTIC,    10, -5.252715256938e-01, 1.035644659590e-02, 1.6172e+01, 8.6889e-03, 
 2DIAGNOSTIC,    11, -5.257465175917e-01, 8.526470893177e-03, 1.6182e+01, 1.0043e-02, 
 2DIAGNOSTIC,    12, -5.261758963746e-01, 6.442924411473e-03, 1.6193e+01, 1.1601e-02, 
 2DIAGNOSTIC,    13, -5.263874884094e-01, 4.262836751769e-03, 1.6202e+01, 8.7180e-03, 
 2DIAGNOSTIC,    14, -5.285724602660e-01, 2.218520834196e-03, 1.6212e+01, 1.0226e-02, 
 2DIAGNOSTIC,    15, -5.292142586820e-01, 1.206999299230e-03, 1.6221e+01, 8.7080e-03, 
 2DIAGNOSTIC,    16, -5.294505461319e-01, 5.358433704190e-04, 1.6230e+01, 8.7001e-03, 
 2DIAGNOSTIC,    17, -5.295105005762e-01, 4.606813137910e-04, 1.6243e+01, 1.3113e-02, 
 2DIAGNOSTIC,    18, -5.295696771509e-01, 4.032296837531e-04, 1.6251e+01, 8.8122e-03, 
 2DIAGNOSTIC,    19, -5.296284579800e-01, 3.402768587501e-04, 1.6260e+01, 8.7111e-03, 
 2DIAGNOSTIC,    20, -5.297180089161e-01, 2.706783120302e-04, 1.6272e+01, 1.1740e-02, 
 2DIAGNOSTIC,    21, -5.297511519028e-01, 1.967860596772e-04, 1.6281e+01, 8.6758e-03, 
 2DIAGNOSTIC,    22, -5.298360451301e-01, 1.252917943319e-04, 1.6289e+01, 8.6498e-03, 
 2DIAGNOSTIC,    23, -5.299738958467e-01, 5.574678951164e-05, 1.6302e+01, 1.3204e-02, 
 2DIAGNOSTIC,    24, -5.300306796913e-01, 3.817570856764e-05, 1.6311e+01, 8.7309e-03, 
 2DIAGNOSTIC,    25, -5.300992571094e-01, 3.413024242654e-05, 1.6320e+01, 8.6060e-03, 
 2DIAGNOSTIC,    26, -5.301921154339e-01, 3.428152475458e-05, 1.6332e+01, 1.1744e-02, 
 2DIAGNOSTIC,    27, -5.302490430360e-01, 3.364262408026e-05, 1.6340e+01, 8.6319e-03, 
 2DIAGNOSTIC,    28, -5.303359792150e-01, 3.281495372637e-05, 1.6349e+01, 8.7991e-03, 
 2DIAGNOSTIC,    29, -5.310398556823e-01, 4.343753418451e-05, 1.6358e+01, 8.7769e-03, 
